x,y,label
0.4218813880033456,0.8702295000280139,7
-0.7430413097369526,0.5666952237075653,0
0.6497297026873939,-0.6856454560611063,2
0.16392461975958994,-0.9126095254214484,3
0.4855796692650613,0.7923458757665107,7
0.2631918263383697,-0.8527788154222775,3
0.678231596647116,-0.6130084570341932,2
0.8421496097584927,0.4417972661576641,8
0.8139037392198217,0.4994633887604474,8
0.4952014288217301,0.7440561152811678,7
0.3447160526816999,-0.8739109330426359,3
0.3413944042744255,0.15631467830796275,10
-0.9585286839732432,-0.20007044766478904,6
0.6919428266655674,-0.4881451025715024,2
-0.9238699378795276,-0.1872810276449244,6
0.6282751096273168,-0.4591999923468526,2
0.4053047514191927,0.7457701780718974,7
-0.6209349512653264,-0.5921779426756915,9
-0.9568513355337628,-0.028961295441562687,6
-0.3773580571430453,0.8350277211562183,1
-0.6946645202838097,-0.6198552062583775,9
0.7843480754569245,0.427820316119384,8
0.7705527125755028,0.4634538476842946,8
0.4532526150428279,0.6597626332092877,7
0.3710716418028123,0.1694750619992933,10
-0.6896931005599571,0.5101796542783507,0
-0.8749226254287519,-0.17189251880218095,6
-0.5478127377463308,-0.5823788492576576,9
0.3873004624407157,0.26638888948682105,11
-0.3054273167851486,0.8881051337194189,1
-0.30960518196772085,0.7830973712669057,1
-0.9491833623801758,0.04461872344370403,6
0.6083417971178993,-0.4455610823677657,2
-0.6666481234192434,0.4853705645697798,0
-0.8793930292113498,0.00754584627537074,6
-0.2872175883536931,0.7123215404822753,1
-0.6491347195467851,-0.13150881154562727,5
-0.6631894353043104,0.4828444146225076,0
-0.8336429157024776,-0.1524438724683818,6
0.5788726656621597,-0.4567901892579848,2
0.13351780827259405,-0.8672161235947721,3
0.3855598780615985,0.6447969869895869,7
-0.6850688881870777,-0.04750325407457203,5
-0.7957197160367058,-0.13515417247144276,6
-0.3054042957823949,0.30062145218607383,4
-0.664961009243156,0.506734783815641,0
0.908088617661794,-0.01862394625619717,11
0.5495204687253182,-0.4100373964599156,2
-0.1704537685927944,0.013773263130853588,4
0.8584287832454888,-0.051740689076473424,11
0.4511903765927597,0.27250284126192936,10
0.7057081547321264,0.4137348404052715,8
0.1618743840263358,-0.8206197371082704,3
0.7766308780426957,-0.03989598553487827,11
-0.8322340187675641,-0.003023638007366908,6
-0.29451030717200777,0.6688962428178572,1
-0.5324865736146867,-0.7344455832753883,9
-0.1662507889054939,0.008788227980833261,4
-0.12060630746277125,-0.41624319807510185,11
-0.3060333756989114,-0.4452911477356562,10
0.5536755534631704,-0.449228706427198,2
-0.8040440454878017,-0.019478302788374164,6
-0.5354342907159726,-0.556084961629967,9
-0.2478295438829226,-0.35553754494364714,10
0.5375112085721053,-0.4322143136640317,2
-0.4853100470493968,-0.5406296034629752,9
-0.16519510653994302,-0.02527517917558213,4
0.7860557212530045,-0.013037359000339057,11
0.7055542339482841,0.3929416977701263,8
0.3144417580209658,0.12555830790107225,10
-0.4656247328019996,-0.5091832567775092,9
-0.8159834482360491,-0.004895531778718282,6
0.16456573026135618,-0.7666484533833076,3
0.7989400656025484,-0.006269920061068282,11
0.18872569326512992,-0.7171933271226401,3
-0.1964334315266217,-0.022872303024380862,4
-0.43023186838760585,-0.5010379783682303,9
0.7280217198160184,0.4077318389352939,8
0.7043916880995074,0.4042232044086235,8
-0.2812055861650795,0.6433649410031218,1
-0.29016440976525315,0.568509720514648,5
0.17643636248246572,-0.67077750546337,3
0.02405918887146324,0.21742026582401325,5
0.7613758113906995,-0.04631935473775823,11
0.18553093745835025,-0.6577770728471485,3
-0.7627822854026841,-0.13427199809209076,6
-0.11693661718011275,0.028376491494056806,4
-0.4829173195677484,-0.5364823254774639,9
0.7651371923536704,-0.03512223911149387,11
-0.6558598575751666,0.4769920117634554,0
0.33127465218231866,0.2142319814416228,5
-0.13220419267595476,0.06904534040474418,4
-0.17900986113160006,0.032409355917293284,4
0.35279817092536125,0.5906493923793291,7
-0.27079784623148784,0.6281210081592002,1
-0.4590730057687295,-0.4760308609479501,9
-0.4407647385776408,-0.4633525284825935,9
-0.08812202043336287,-0.3007694838528239,10
0.17499232176473134,-0.6688868668383939,3
-0.7919323703816471,0.011921856825497859,6
0.5531304303426134,-0.4476894991322905,2
-0.2692586296222677,0.6152430343497629,1
0.15483083555827648,-0.7081801483284993,3
-0.6374943301710123,0.4741800820714387,0
0.2970899928950441,0.5325533436235209,7
-0.6574466251603406,0.4844889527844997,0
0.5372344340016927,-0.4278984013773863,2
0.1601979778482424,-0.6409828171477547,3
0.6965756418779019,0.39864071886003705,8
-0.6544102051006812,0.4855736863338237,0
0.7658711068718839,-0.03423949740073783,4
0.6832495906871358,0.3865246356741833,8
-0.14456478742259782,-0.1084979595125978,4
-0.4481997835628169,-0.46686258015657,9
0.7185068626677757,-0.030397344008380425,11
