x,y,label
0.2689998915588179,0.5478055699508698,0
0.3683943907930189,0.3861976571742569,0
0.31240940150649543,0.0031734391458109502,0
0.2754710311686609,0.29822321218139114,0
0.00320613508453613,0.6986272507698765,0
-0.039745222376482606,0.7389129778789855,0
-0.028352668182054532,0.748750477830748,0
0.2709259185438642,0.2700594035020807,0
-0.1916348374039683,-0.06906006529177099,1
0.2295729985861106,-0.198719692029092,1
0.0050807645605993644,0.7096177956301655,0
0.21778469100045408,0.5502469869500473,0
0.26324374066282996,0.3633173793050257,0
0.2774297689512082,0.26447762992066004,0
-0.8155313711279882,0.057160114172935025,1
-0.7100356671015798,-0.2692177086944283,1
-0.04373849819451359,0.7282793624811396,0
0.3162375382266646,0.4259633708990057,0
-0.8928907512049694,-0.16613301056307728,1
0.2498985936841383,0.40111342773510456,0
-0.4530969924533113,-0.12936076680960734,1
0.3147177279453047,0.4323962921750595,0
-0.29289458790271106,-0.18056768694093225,1
-0.3837331230356185,-0.7255246141134708,1
-0.13518007854169406,-0.887882400872604,1
-0.19372443239639672,-0.7343748396730037,1
-0.7258320733054341,-0.6006317777972117,1
-0.14834510588483896,-0.5240884515277903,1
0.09303844969178927,-0.3920492121331586,1
-0.5132144185279716,-0.5511242117055789,1
-0.2295514858824485,-0.17999443956056674,1
-0.0358142838555646,-0.4038063328031137,1
-0.26380420700980345,-0.1677194174662416,1
-0.16521078398865507,-0.09834702478146498,1
