x,y,label
0.5946113745038827,0.7851266336414179,0
0.6156756478991998,0.7570261332029108,1
0.5682977829453524,0.7969028081386588,1
0.8598665471490705,-0.13553175864582365,1
0.5388624357734805,0.7750015496968019,0
0.5487647595968044,0.7260958505375845,1
0.5458366979313702,0.6661007097449605,0
0.452643713628992,0.6434430570294597,0
0.7046087383288888,-0.2569541249157637,1
0.4355397119807345,-0.6037119572549787,1
0.8951682758438829,0.014742970395967218,1
0.5697490908570185,-0.3535312665245177,1
0.6575087840075093,-0.05568487622114636,1
0.5253450794088335,-0.08661378496083001,1
0.4673156588092308,-0.24451741646134825,1
0.8862803361071081,0.0029536855310105226,1
0.883973315010489,0.004369254541300928,1
0.4812659824789473,-0.08896815804349639,1
0.5296696990435625,0.12419781301320708,0
0.8688423570983056,-0.014098659697747337,1
0.3106881258013218,-0.4957906694566841,1
0.7389183522161881,-0.185853088978547,1
0.41769313306879857,-0.08742382839300884,1
0.7238454687969046,-0.13948760429166224,1
0.427489031558284,-0.2914646212028165,1
0.3952625905985228,-0.08735968694759723,1
0.4126167494578887,-0.2671898613887975,1
0.5827909367237898,-0.2765973054031089,1
0.23348016714885225,0.7451252007658975,0
0.3223361388984562,0.24611825721490574,1
-0.7875575786131529,0.2212098708043736,2
-0.7570641545713138,-0.09530332106986927,2
-0.2581962667282671,-0.6031935138354038,1
-0.6306660669860991,-0.034890776617751466,1
-0.13649541364094125,-0.08189212185499642,1
0.6237769068009177,-0.028689284487254836,1
0.7299304101385393,0.07782241346597629,1
0.8533017997801482,0.20070801988958967,1
0.7852887769969916,0.13523798275105278,1
0.40915195097138174,-0.1509147811159358,1
0.4501239562719716,-0.147840765456634,1
0.4675853182239612,-0.06954809982416535,1
0.4334247956840668,-0.09887729386301554,1
0.4870004738538052,-0.0747985682653158,1
0.3781365894977165,-0.23450732316279854,1
0.4424988525596052,0.028039677969000826,1
0.37776746572579295,-0.16926802155061224,0
0.2352630414937468,-0.5833834687256998,1
-0.007733441531764411,-0.5108433097812095,0
0.3358470528009101,-0.5833526513556448,1
-0.34205692099311624,-0.7531920277472836,1
-0.23816987707852605,-0.6497901075990279,0
0.7701674749283759,0.15115747513206249,1
0.7581308146562159,0.15648323808729356,1
0.8787685537982131,0.004721356496922857,1
0.2945303014563393,-0.2069669965886845,1
0.8346190148074809,0.2023680181642752,1
0.3878163947467862,-0.06752657881867119,1
0.1703778973695289,-0.3344983339198897,1
-0.4334118174502487,-0.045023650894214035,2
0.1972247495263647,-0.2540104154107525,2
-0.5583092856261503,0.4569624695550046,2
-0.5247701919513179,0.04584799000844434,2
-0.3784590158925541,-0.5794727870251969,2
-0.6802683703565194,0.1749400975537152,2
-0.3572873668939493,0.3807207153774604,2
-0.4858918980120315,0.10559152927482718,2
-0.5586289423175957,0.05557727475080089,2
-0.4223169585389451,-0.0205663118394071,2
-0.5376267300158273,0.04374937228035323,0
-0.546842387216187,0.11076899719710057,2
-0.4649704194902326,0.08121139419423208,2
-0.3305833158831965,0.12703423586823148,2
-0.37153819952051337,0.3034554345041999,2
-0.2767462924140908,0.4058329417182256,2
-0.2508920071172869,0.43341772413286056,2
-0.3291226550056587,0.38416408016469106,0
-0.5030185942444328,0.02136353759224305,1
-0.5006259039064803,0.0665023900715221,2
0.94728907869288,0.2387639449204936,2
-0.16784511245829084,0.368454137545002,2
-0.3458127429133858,-0.6919888322005062,2
-0.36202827605002624,-0.6872729902297926,2
-0.3300353754157964,-0.6617693917327515,2
-0.32243106074375705,-0.6261203357369363,2
-0.30797376556595096,0.9432053202929374,2
-0.3201367159615047,0.9271894066280484,2
-0.2350095581126571,0.8838913359906228,2
-0.30792975118171445,0.9099070990577488,2
-0.3085540076797817,0.9195097283604609,2
-0.1748924341009564,0.4561866517689059,2
-0.2123840731062162,0.405746625870189,2
-0.3073028888911153,0.34161288851651705,2
-0.33720321744873605,0.2822663998874448,2
-0.3622696405118773,0.2830448497221914,2
-0.5117144773993654,0.2394448934024141,2
-0.3307511381087155,0.3726131752386288,2
-0.32285601767354244,0.3348311759374826,2
-0.3917665005815977,-0.5740914599287628,2
-0.3800464079328825,-0.5660352105162821,2
-0.31765109145924136,0.4279281429110989,2
-0.3706916654679104,0.14071699192497858,2
-0.4042121637754467,0.12343161127317125,2
-0.2546221724591613,0.41571626231370745,0
-0.3235457098403949,0.17143833544202752,0
