0.000000 0.000000 0.900000 0.707107 0.707107 -0.000000 -0.000000 0.956580 0.035630 0.276790 -0.084090 0.987520 -0.034100 0.153650 -0.006170 0.836160 -0.378810 0.214480 0.333690 -0.000000 0.964600 0.198100 -0.146760 -0.093580 0.675783 0.635350 -0.143410 -0.049360 0.757190 -1.121528 0.975280 -0.010800 -0.156970 -0.155130 0.967240 0.007300 0.060640 0.246400 -0.543905 0.971910 -0.020720 0.142870 -0.185890 0.579785 -0.056042 0.836826
-0.002036 -0.002916 0.897390 0.708537 0.705637 0.006001 0.003983 0.960380 0.036970 0.264000 -0.081320 0.987520 -0.033450 0.153710 -0.007880 0.838610 -0.381990 0.209000 0.327310 -0.000000 0.963060 0.203590 -0.143860 -0.101830 0.665230 0.669380 -0.138800 -0.052030 0.727990 -1.145988 0.974760 -0.015960 -0.160650 -0.154230 0.960680 -0.008950 0.095310 0.260640 -0.604131 0.963900 -0.004880 0.174270 -0.201270 0.583763 -0.051722 0.835126
-0.003771 -0.006347 0.890979 0.708758 0.705332 0.010248 0.007990 0.964110 0.035910 0.251720 -0.076450 0.987490 -0.031640 0.154240 -0.008880 0.850570 -0.384350 0.190160 0.304380 0.069501 0.961660 0.210200 -0.142280 -0.103830 0.641209 0.701780 -0.123790 -0.065290 0.698510 -1.156278 0.975010 -0.022790 -0.160830 -0.151570 0.952600 -0.031630 0.138770 0.268870 -0.650290 0.953950 0.022860 0.196570 -0.225450 0.589852 -0.045445 0.830062
-0.000560 -0.010414 0.874383 0.705639 0.708319 0.013639 0.013089 0.970580 0.029610 0.230680 -0.062390 0.987450 -0.026580 0.155460 -0.008780 0.877240 -0.379900 0.154110 0.249750 0.191524 0.960890 0.223550 -0.133190 -0.094750 0.577931 0.758750 -0.079080 -0.096050 0.639390 -1.128485 0.978830 -0.014460 -0.148620 -0.140000 0.948930 -0.062020 0.184680 0.248140 -0.635533 0.954400 0.048740 0.222070 -0.193480 0.600255 -0.035713 0.812848
0.000053 -0.011221 0.867885 0.702064 0.711868 0.014734 0.011523 0.973750 0.025330 0.219720 -0.053760 0.987310 -0.024030 0.156790 -0.007920 0.890120 -0.374780 0.137150 0.220010 0.233369 0.962110 0.228710 -0.121090 -0.085890 0.545695 0.780790 -0.057970 -0.100280 0.613960 -1.085642 0.979700 -0.012540 -0.148670 -0.133890 0.952240 -0.071820 0.170760 0.242740 -0.627779 0.957550 0.045980 0.234750 -0.160880 0.604290 -0.032232 0.803011
-0.000177 -0.012059 0.856264 0.696939 0.716928 0.014726 0.008554 0.975940 0.021200 0.212360 -0.044680 0.987370 -0.021770 0.156800 -0.006610 0.899800 -0.370030 0.122620 0.195950 0.248338 0.963910 0.234340 -0.103390 -0.072550 0.520759 0.800130 -0.040390 -0.092810 0.591220 -1.022963 0.979380 -0.014230 -0.155560 -0.128150 0.958050 -0.077700 0.130090 0.243280 -0.631478 0.960080 0.033160 0.249380 -0.122330 0.610387 -0.027150 0.785149
-0.001042 -0.013129 0.842050 0.690655 0.723008 0.015073 0.005282 0.977490 0.016710 0.207360 -0.035140 0.987580 -0.019680 0.155800 -0.005100 0.906800 -0.365960 0.109150 0.178510 0.246553 0.965180 0.240910 -0.085430 -0.055530 0.502265 0.816200 -0.026020 -0.078040 0.571880 -0.950417 0.978350 -0.017230 -0.165710 -0.122790 0.958940 -0.087140 0.103500 0.249270 -0.646684 0.957840 0.031520 0.268650 -0.096860 0.614588 -0.023326 0.769949
-0.002315 -0.014515 0.830591 0.683784 0.729500 0.016160 0.002864 0.978470 0.011970 0.204470 -0.025240 0.987930 -0.017600 0.153860 -0.003480 0.912600 -0.361460 0.096190 0.165100 0.234226 0.965170 0.248770 -0.072610 -0.036000 0.487255 0.828900 -0.014380 -0.059360 0.556060 -0.878064 0.977080 -0.019770 -0.175960 -0.118140 0.956730 -0.098700 0.086220 0.259800 -0.670487 0.952950 0.037050 0.289900 -0.080500 0.620625 -0.017701 0.745101
-0.006586 -0.019578 0.812603 0.670613 0.741449 0.022571 0.004655 0.979070 0.000620 0.203330 -0.008520 0.988580 -0.014610 0.149980 -0.002040 0.920810 -0.356240 0.088540 0.131790 0.197750 0.958570 0.273580 -0.079150 0.005850 0.472279 0.843740 0.002420 -0.023920 0.536210 -0.761242 0.975590 -0.019020 -0.187830 -0.112160 0.949650 -0.115650 0.087340 0.277780 -0.732252 0.952990 0.052100 0.292630 -0.058890 0.631540 -0.008395 0.694895
-0.008052 -0.022378 0.806581 0.664849 0.746326 0.029124 0.011150 0.978850 -0.007520 0.204430 -0.003220 0.988620 -0.014100 0.149750 -0.003440 0.924650 -0.352780 0.090480 0.111270 0.184795 0.954520 0.283770 -0.087590 0.026140 0.475956 0.845950 0.007540 -0.013730 0.533030 -0.723378 0.973740 -0.021850 -0.197430 -0.111220 0.945580 -0.122270 0.097580 0.285330 -0.764267 0.956350 0.055130 0.282480 -0.050520 0.636470 -0.004153 0.669885
-0.009739 -0.026956 0.799286 0.659613 0.750365 0.037611 0.021181 0.978260 -0.016490 0.206720 -0.000190 0.988480 -0.014160 0.150550 -0.005710 0.929530 -0.346840 0.090480 0.086570 0.178497 0.950620 0.291100 -0.097050 0.046500 0.486916 0.844920 0.011230 -0.009370 0.534690 -0.705238 0.971010 -0.027030 -0.209590 -0.111740 0.942360 -0.127810 0.105680 0.290610 -0.792955 0.960920 0.054820 0.267910 -0.043040 0.643931 0.002291 0.630542
-0.010390 -0.030225 0.795501 0.654890 0.753456 0.047487 0.034173 0.977410 -0.026390 0.209700 0.001340 0.988170 -0.014430 0.152440 -0.008840 0.936050 -0.336560 0.085320 0.057150 0.165883 0.946700 0.296440 -0.107050 0.066460 0.500723 0.841050 0.014010 -0.009220 0.540700 -0.710993 0.968720 -0.030950 -0.217980 -0.114460 0.940830 -0.133180 0.105760 0.293100 -0.815905 0.964180 0.054730 0.256760 -0.037900 0.649211 0.006906 0.602483
-0.010764 -0.035765 0.790868 0.650938 0.755293 0.057928 0.049563 0.976300 -0.036960 0.213230 0.001620 0.987680 -0.014830 0.155260 -0.012570 0.943430 -0.321990 0.075430 0.023780 0.147242 0.942810 0.300190 -0.116840 0.085710 0.513157 0.834700 0.016730 -0.011750 0.550320 -0.738383 0.966740 -0.034390 -0.223380 -0.119750 0.940750 -0.138230 0.099380 0.293280 -0.834768 0.966530 0.054340 0.248280 -0.034900 0.657812 0.014402 0.556581
-0.008088 -0.048056 0.786224 0.646630 0.754121 0.077088 0.085021 0.973450 -0.058580 0.221290 -0.000950 0.986270 -0.015870 0.163080 -0.020460 0.956860 -0.281410 0.050260 -0.052000 0.108381 0.935480 0.304230 -0.132910 0.121020 0.516704 0.815620 0.025910 -0.018340 0.577710 -0.839933 0.962320 -0.036920 -0.232110 -0.136790 0.943640 -0.141030 0.081760 0.288030 -0.865606 0.971120 0.052490 0.230760 -0.030410 0.674414 0.027909 0.469810
-0.005313 -0.054290 0.785322 0.646608 0.750773 0.084216 0.105577 0.971300 -0.070390 0.227200 -0.003390 0.985510 -0.016110 0.167130 -0.024100 0.961480 -0.256100 0.040690 -0.091240 0.091200 0.932460 0.305220 -0.136490 0.136830 0.501586 0.804040 0.033450 -0.020530 0.593280 -0.905467 0.959060 -0.032670 -0.239030 -0.148320 0.946610 -0.136170 0.076240 0.282080 -0.880162 0.974260 0.051360 0.217880 -0.026690 0.676361 0.031302 0.458539
-0.000063 -0.063895 0.784831 0.647955 0.745896 0.089273 0.125793 0.969020 -0.081410 0.233090 -0.006070 0.984680 -0.016140 0.171450 -0.027300 0.963970 -0.228860 0.033450 -0.131360 0.084629 0.930460 0.305080 -0.136560 0.150090 0.475889 0.790630 0.044600 -0.021630 0.610280 -0.974701 0.955070 -0.024750 -0.247700 -0.160840 0.950030 -0.127170 0.074530 0.275150 -0.895482 0.977810 0.050320 0.202180 -0.021920 0.674749 0.034132 0.465302
0.003931 -0.070238 0.784747 0.650160 0.740319 0.091812 0.144191 0.966470 -0.091870 0.239610 -0.008630 0.983880 -0.015730 0.175620 -0.029910 0.964680 -0.201690 0.025640 -0.167480 0.091821 0.927990 0.307460 -0.138780 0.158250 0.442114 0.774850 0.059360 -0.022720 0.628940 -1.043194 0.952960 -0.027630 -0.251090 -0.167520 0.953550 -0.115820 0.074730 0.267840 -0.912894 0.981030 0.049080 0.186790 -0.016720 0.671274 0.034778 0.486169
0.010393 -0.079357 0.785046 0.652876 0.735004 0.091159 0.158784 0.963650 -0.101410 0.246940 -0.010760 0.983150 -0.014820 0.179420 -0.031800 0.964010 -0.175570 0.018720 -0.198760 0.108493 0.925560 0.311830 -0.141930 0.161120 0.403369 0.755950 0.078050 -0.024490 0.649500 -1.107285 0.952760 -0.040770 -0.249320 -0.168580 0.956850 -0.103740 0.075280 0.260770 -0.929163 0.983350 0.047290 0.175070 -0.011830 0.663369 0.034530 0.534347
0.020087 -0.090528 0.786834 0.659575 0.727583 0.079268 0.171171 0.958050 -0.113710 0.262710 -0.013770 0.982110 -0.011370 0.185040 -0.032930 0.961860 -0.134760 0.018890 -0.237310 0.152774 0.924280 0.317050 -0.144050 0.156300 0.325864 0.706050 0.129250 -0.031940 0.695530 -1.208452 0.952970 -0.040160 -0.242870 -0.176740 0.962190 -0.081160 0.074540 0.249090 -0.953667 0.984730 0.041680 0.168980 -0.004040 0.651393 0.037495 0.603001
0.022894 -0.093425 0.788172 0.663279 0.724879 0.068930 0.172800 0.954800 -0.115830 0.273340 -0.015250 0.982070 -0.008970 0.185480 -0.032530 0.962490 -0.123900 0.030980 -0.239370 0.178330 0.926050 0.314260 -0.141180 0.154070 0.286943 0.677730 0.157610 -0.038500 0.717190 -1.237838 0.953480 -0.033470 -0.237150 -0.183090 0.964910 -0.070440 0.073210 0.242130 -0.960322 0.984410 0.038480 0.171640 -0.001300 0.646556 0.039381 0.628537
0.026414 -0.096990 0.791495 0.667474 0.722248 0.058164 0.171621 0.952050 -0.114680 0.283100 -0.017230 0.982160 -0.006700 0.185300 -0.031410 0.964750 -0.119010 0.050620 -0.229200 0.207746 0.929510 0.308210 -0.136970 0.149180 0.256235 0.648180 0.183760 -0.046120 0.737540 -1.247246 0.954220 -0.026930 -0.229570 -0.189860 0.967270 -0.059930 0.071900 0.235870 -0.961827 0.983720 0.035410 0.176200 0.000070 0.639312 0.042782 0.664863
0.030051 -0.101230 0.796347 0.671943 0.719301 0.048235 0.169622 0.949560 -0.110920 0.292640 -0.019840 0.982420 -0.004690 0.184220 -0.029720 0.968100 -0.118940 0.073820 -0.207800 0.240550 0.933580 0.300670 -0.132760 0.142830 0.232997 0.619120 0.204560 -0.055020 0.756180 -1.234181 0.955090 -0.022900 -0.220810 -0.196280 0.969440 -0.049690 0.070320 0.229730 -0.957203 0.982880 0.032750 0.181290 -0.000470 0.634528 0.045343 0.688224
0.032170 -0.105135 0.801186 0.676594 0.715737 0.040521 0.168225 0.947260 -0.104840 0.301950 -0.023240 0.982870 -0.003160 0.182190 -0.027610 0.971960 -0.122650 0.096490 -0.175910 0.273301 0.937490 0.293140 -0.129480 0.135690 0.217799 0.590850 0.218960 -0.064680 0.773800 -1.201499 0.956270 -0.019950 -0.211170 -0.201380 0.971470 -0.039720 0.068500 0.223580 -0.945421 0.982150 0.030810 0.185550 -0.003420 0.627962 0.049169 0.719108
0.031947 -0.115522 0.814584 0.685680 0.706698 0.036811 0.170489 0.943620 -0.087060 0.317630 -0.033240 0.984140 -0.002600 0.175930 -0.022600 0.979150 -0.136560 0.127250 -0.080120 0.320009 0.943420 0.281140 -0.127980 0.120610 0.227329 0.545750 0.216900 -0.080310 0.805390 -1.081692 0.964040 -0.013820 -0.173770 -0.200620 0.974980 -0.020880 0.063780 0.211910 -0.895115 0.981890 0.030220 0.186080 -0.018760 0.617626 0.054932 0.763338
0.029905 -0.120878 0.821924 0.689774 0.701715 0.039477 0.173924 0.941800 -0.074690 0.325240 -0.040590 0.985050 -0.004500 0.171040 -0.019900 0.978450 -0.150170 0.140330 -0.019810 0.333366 0.947480 0.272010 -0.123340 0.114400 0.259576 0.534380 0.196330 -0.083950 0.817830 -0.995777 0.966540 -0.010200 -0.161050 -0.199380 0.976710 -0.011550 0.062370 0.204960 -0.854378 0.982710 0.031950 0.179520 -0.031980 0.613380 0.057522 0.779125
0.025491 -0.129149 0.833675 0.693479 0.696605 0.046268 0.178009 0.940500 -0.060940 0.330660 -0.049080 0.985980 -0.007870 0.165750 -0.017610 0.972770 -0.168140 0.152600 0.046410 0.336274 0.952370 0.260380 -0.116810 0.107430 0.310854 0.528680 0.163330 -0.084770 0.828640 -0.901584 0.967650 -0.006870 -0.155410 -0.198610 0.978270 -0.003590 0.062960 0.197490 -0.802727 0.983970 0.034180 0.168210 -0.048430 0.607525 0.061144 0.799071
0.021948 -0.134602 0.842258 0.696756 0.691409 0.056517 0.182459 0.939770 -0.045800 0.333650 -0.058370 0.986880 -0.012580 0.160180 -0.016040 0.961860 -0.189310 0.164720 0.108850 0.331010 0.957250 0.248190 -0.111240 0.098490 0.374831 0.526850 0.116010 -0.082880 0.837920 -0.819546 0.968280 -0.004250 -0.153180 -0.197380 0.979700 0.002920 0.063280 0.190210 -0.737204 0.985170 0.036840 0.153100 -0.068100 0.604115 0.062622 0.810023
0.015951 -0.142840 0.855710 0.699282 0.686324 0.069592 0.187406 0.940130 -0.029830 0.332570 -0.068230 0.987630 -0.017580 0.155060 -0.015240 0.945850 -0.217420 0.175780 0.164940 0.317634 0.961490 0.237250 -0.109130 0.085720 0.445224 0.529340 0.054450 -0.077820 0.843080 -0.769916 0.969090 -0.002860 -0.151050 -0.195050 0.981110 0.007650 0.060580 0.183590 -0.658685 0.985920 0.039180 0.135010 -0.090540 0.599455 0.064064 0.823512
0.006304 -0.156564 0.874922 0.703636 0.675716 0.102360 0.194492 0.943850 0.001030 0.318890 -0.086320 0.988600 -0.025820 0.147450 -0.015950 0.906660 -0.284310 0.207170 0.232830 0.254346 0.966310 0.223800 -0.118710 0.045540 0.586596 0.540690 -0.069670 -0.062450 0.836000 -0.808375 0.972420 -0.003650 -0.140950 -0.185770 0.983510 0.011030 0.035760 0.176940 -0.509044 0.984100 0.016560 0.126830 -0.123250 0.592096 0.066837 0.836819
0.003741 -0.161878 0.880109 0.706921 0.669822 0.118118 0.194037 0.947150 0.016360 0.306320 -0.093860 0.988700 -0.029800 0.146010 -0.016480 0.887030 -0.316810 0.224330 0.249970 0.196373 0.968260 0.219980 -0.116980 0.019760 0.656347 0.555460 -0.113000 -0.051710 0.822210 -0.868354 0.974040 -0.005200 -0.136830 -0.180250 0.982670 0.013150 0.026680 0.182980 -0.468203 0.980930 0.004160 0.142770 -0.131830 0.589638 0.068108 0.838605
