346.611646543 25.9073591237 0 0.73635900662 25
254.86566759 29.0441411669 0 0.716117510679 25
151.026890886 26.7439521203 0 0.791904417174 25
93.7192097106 25.194546435 0 0.673551030527 25
150.300205785 28.7118607707 0 0.782935133349 25
18.1590258487 26.4303726887 0 0.802603365658 25
176.208160466 28.7579966017 0 0.713434061749 25
203.396186631 27.9629337257 0 0.76407106531 25
236.755495137 27.998294581 0 0.739457911812 25
263.419727177 25.6245151281 0 0.755813998251 25
160.84069454 26.2236579541 0 0.811785380277 25
20.949541199 28.798632556 0 0.814232123579 25
17.7507347834 27.2689682487 0 0.789266947205 25
322.383096763 25.8791650128 0 0.741775255661 25
346.872597623 26.9976232999 0 0.661132588488 25
127.507472095 27.0380270687 0 0.6962814573 25
271.998437749 25.0195828528 0 0.698427749175 25
94.7681521816 28.022136621 0 0.837474250093 25
115.405603035 26.4948598254 0 0.793475333385 25
339.563661964 27.1862347136 0 0.804881314229 25
157.116767349 27.4328858361 0 0.695539937391 25
346.644565425 25.4653986074 0 0.775851819525 25
224.957302995 27.6518655392 0 0.691702570938 25
308.310116295 25.8418701056 0 0.830027035845 25
