184 2
178 -0.1984460592553305 0.20025020743308602
63 -0.8768459006564906 0.29556627908296873
58 -0.7299118049269566 0.16657129640387844
169 -0.7051791844195993 -0.7002918631029453
146 -0.6055346913972595 0.2706896090945791
155 -0.7064508603396817 -0.7016183546486351
163 -0.5975938196436054 0.2447475146763857
82 0.25872055317872267 0.0012221461779773936
114 -0.7000061458994081 -0.6925091267501868
126 0.6304807994985938 -0.72538077321905
107 -0.026034350042001664 0.24362036768399034
27 -0.15055489685931822 0.2340519018858813
17 0.9665462652694211 -0.23123225104884604
118 0.6965449449375939 -0.6947517823429039
167 0.7288067165866203 0.6679498306770806
105 0.380225144309162 0.8985371209511979
33 0.7397009558328966 0.6692955630546585
162 -0.7062316326194856 -0.7014377773425183
110 -0.7064859179858186 -0.7015837427593166
145 -0.76039438860719 -0.20068487052906836
65 -0.6480395879283742 -0.6334467147327948
165 -0.7064323836009319 -0.7016707219389255
158 0.736198556126861 0.6637499348103867
38 -0.7204384787346725 -0.6007776678272059
39 0.7040991384103598 -0.6931063560439886
153 0.4538449433852943 0.7783609788494534
157 0.8829231348842763 -0.229826749543188
124 0.7438593300693214 0.6661775896766015
108 0.7432181103735975 0.6680904706903793
78 0.8165738152257263 -0.4008738018082216
92 -0.721753939317935 -0.6787196016918841
9 -0.07768515593465432 -0.9841464281634166
66 0.28640033306819396 0.6951570157572056
50 -0.5319659296015956 -0.8140873868818096
140 0.5800876286675246 -0.7254901953322157
128 0.2724781961034251 0.865764472737214
34 -0.9155806094915181 0.36554808356557195
6 -0.2825992339599058 -0.6846301051005649
98 0.7444752886483734 0.6666396293881055
51 -0.015634720744960237 0.3227236234046733
41 0.8542724276196729 -0.4675345019539692
112 -0.6136820104031678 -0.38562199792160007
74 0.02615696880781361 0.9968126936920976
29 -0.6085994598871429 -0.7806801315506688
90 0.7231525165832555 -0.6687253207202188
141 0.7140408263750713 -0.6927412304539717
95 0.7415262874257744 0.6643382274596425
151 0.7438268349934722 0.6630956090496904
103 0.7429847909791781 0.6658866076815595
91 -0.0756242307436219 -0.9921673668412403
115 -0.5160121744274104 -0.8297138894534238
22 -0.6099509887162402 -0.7775817311537127
160 -0.6558130768912326 -0.7185223850421865
132 0.6313707217022275 -0.7238460741783902
88 0.961722074957934 -0.23020781694244202
147 0.046978762480358795 0.4355861000136077
133 0.770947337530867 0.29154706446186096
94 0.06759389583982814 0.6232194987397858
62 0.6141880434155943 -0.7148007110979967
176 0.6241296559732196 -0.7383659796263874
161 0.7137539842815538 0.6436367380887059
73 -0.10094960049698963 0.8011448149700179
93 0.5281507646034013 -0.6631019796531623
177 0.7453064899534685 0.66476395838847
148 -0.8645921394101197 0.1834446349383526
4 0.6424368287595502 -0.18952812381883982
80 0.8598387074862807 -0.45679647182267896
36 0.8447219371325186 -0.45636470485426034
130 0.7376183907430952 -0.6592840996878078
96 -0.06688689179674781 -0.07576425621476242
113 0.7448526721099663 0.666786959558637
136 0.6381359813588515 -0.7328282364274545
11 -0.7565496736430731 -0.6361154500991819
61 0.6876191295839719 -0.6793946361723444
13 -0.07552706018641474 -0.9925142396083999
89 0.5116015788588462 -0.53651557357767
26 0.7175817803368142 -0.6902026340620832
60 -0.6236710855511973 -0.7497258743401157
57 0.031285593778278636 0.9612039534429198
32 0.8082193516001687 0.5608097630614676
47 0.5823200041765539 -0.7036427759188144
159 0.5538028733995654 -0.366152039514512
156 0.9608880474312749 -0.23064830825207427
101 0.8143965416257015 -0.4147160649773038
56 0.6911760479042031 -0.21337254648899648
127 0.8247967481884825 -0.40912725997610566
99 -0.5845657446591559 -0.7767134508062978
37 -0.1348185288461578 -0.5182541837410765
23 0.7384309600116042 0.6574514814831182
120 0.6284013834737201 -0.7284935588937144
25 0.744043172620397 0.6675426068613411
21 0.7415071981363179 0.3358825773706985
172 -0.5028089538753167 -0.7151260755091373
67 0.10922035470992478 0.4487051785129445
70 0.9073351115937835 -0.07302264098641502
134 0.647945336874843 -0.7316958144552046
123 -0.7171546795615156 -0.5634023730426104
72 0.5312735318150076 0.812585779656446
109 -0.9166170851728149 0.25754941092266653
102 0.6399307809095691 -0.7347702573138541
30 -0.07250358476681787 -0.9742185631316638
84 0.8546235130506167 -0.21976037097398252
59 0.6019082439258644 -0.7459717226553203
8 0.7447992359177548 0.6669066599733855
69 0.030300541230837613 0.9736158583459044
100 0.8027707280833482 0.5797088347309399
1 0.6790014726077499 -0.16503206392307632
170 0.7443756924820587 0.6666524652836443
16 0.4687250886125325 -0.8061910707104645
116 0.7626771903057379 -0.6038303766702513
2 0.911433290579809 -0.253211299007134
5 0.17483753142871677 0.8851465746862941
85 0.7700781294596543 0.301662371961469
183 0.7553374980636153 0.3097598762258683
152 -0.07950523421463689 -0.9799016171436151
12 -0.8944269932353397 0.3566579764600584
173 0.8210441169210266 -0.1218277120597871
46 0.5605094377654453 -0.019234636381405934
49 0.6614129655872623 -0.26615094770909165
174 -0.5197384501659923 -0.8358833831656475
143 0.5965993132778459 -0.7640588334737657
83 0.21441468638796796 -0.5631823825359735
48 -0.07935985616417207 -0.9774230573722491
43 0.7992986818004688 -0.11461894087589082
14 0.7399379803283387 -0.6631714166529837
171 -0.5188500244319026 -0.8351678408224611
81 0.9433813106573411 -0.23011526657855647
129 0.01901091701342024 -0.6116552089148477
10 0.8611162457157884 -0.23940421702090064
20 -0.0784074574283313 -0.971016496284033
75 0.9383758239372784 -0.2095432365703771
97 0.9048885561125388 -0.17135622018997354
154 0.9095894426224456 -0.2633687757053742
86 0.7985521452938219 0.554621835236311
53 0.4078552803784103 0.21467119581700642
139 0.8518690261514159 -0.341495723776223
104 -0.07551080587528547 -0.9920929288207555
125 0.7254446444642217 0.41628541938921115
77 0.8094199737020105 0.5644994725252644
121 0.8286287315420713 0.51884208321067
64 0.7847432086794491 0.48982956024005286
119 -0.031722878796517875 -0.8853397741868338
40 0.7865570352778919 0.5091947862564561
166 0.945922867726464 -0.22876053280150993
149 0.7266505023073662 0.35522054452787344
55 -0.07428504548165181 -0.982482138285088
137 0.2603575276389304 -0.8933425611245108
106 -0.3704552601867352 -0.770566267303802
7 0.7857314917484888 0.5331231811638022
180 0.9640803150852842 -0.031222041534763587
179 0.8640688622346819 -0.25484767535068703
19 0.5355401108396809 -0.7319959572397163
164 0.5781385955627504 -0.7339758684252553
142 -0.07540437870376432 -0.9920606970852331
28 0.16362604578038253 -0.9685312940027968
24 0.7647760456352481 -0.575346820360563
144 0.9318627436267385 -0.264704427977355
0 -0.08015456584350882 -0.9561731156718968
54 0.618263345432344 -0.025402547271672096
181 0.009842145980783099 0.8771639707144948
15 0.7555267841820941 -0.5133576297292706
35 0.7933164748287 0.5395131746046482
3 0.8890376582472552 -0.22753576586955485
175 0.8546244598670377 -0.11750208242712609
79 -0.06605393013025693 -0.9471331037834557
18 0.8182900047666142 0.5046262755802189
45 0.7988765104446538 -0.3167979010363044
68 0.7370619343003879 -0.5499844118785548
150 0.5985667034554907 -0.7858351877173674
76 0.8228230430156183 0.40193699677173367
135 0.8626328740941509 -0.5055468565496868
131 -0.0759718398757799 -0.9853402929951228
168 -0.44357491220812967 -0.8233122189199789
138 0.8027206633835832 0.5467449238901679
182 0.7309203004890116 -0.614574603937921
52 0.744038232154234 0.5359574318251807
44 0.8068526156161697 0.5600214269133212
122 0.7485690729218217 0.6526629998424012
87 0.23547559409358762 -0.9072741097474325
111 -0.8849556248279503 -0.3100743229055148
42 0.1808931267391387 -0.9117614206913168
31 0.7604298795178338 0.6414131200183597
71 0.13590763269319187 -0.9883976510957799
117 0.10608887892485419 -0.9760126081457292
