117 2
0 0.42188138800334557 0.8702295000280139
1 -0.7430413097369526 0.5666952237075653
104 0.2970899928950441 0.5325533436235209
2 0.6497297026873939 -0.6856454560611063
3 0.16392461975958997 -0.9126095254214484
6 0.678231596647116 -0.6130084570341932
15 0.6282751096273168 -0.45919999234685255
5 0.26319182633836974 -0.8527788154222775
7 0.8421496097584927 0.4417972661576641
67 0.7860557212530045 -0.013037359000339057
53 0.7766308780426957 -0.03989598553487827
88 0.7651371923536704 -0.03512223911149387
4 0.4855796692650613 0.7923458757665107
9 0.4952014288217301 0.7440561152811678
16 0.4053047514191927 0.7457701780718974
23 0.4532526150428279 0.6597626332092877
35 -0.2872175883536931 0.7123215404822753
65 -0.48531004704939684 -0.5406296034629752
25 -0.6896931005599571 0.5101796542783507
27 -0.5478127377463308 -0.5823788492576576
37 -0.6631894353043104 0.4828444146225076
45 -0.664961009243156 0.506734783815641
89 -0.6558598575751666 0.47699201176345546
109 -0.6544102051006812 0.48557368633382364
13 0.6919428266655674 -0.4881451025715024
47 0.5495204687253182 -0.41003739645991555
60 0.5536755534631704 -0.44922870642719803
64 0.5375112085721053 -0.43221431366403174
72 0.16456573026135618 -0.7666484533833076
74 0.18872569326512992 -0.7171933271226401
100 0.5531304303426134 -0.44768949913229045
106 0.5372344340016927 -0.4278984013773863
40 0.13351780827259405 -0.8672161235947721
81 0.17643636248246572 -0.67077750546337
84 0.18553093745835023 -0.6577770728471485
69 0.3144417580209658 0.12555830790107225
98 0.17499232176473134 -0.6688868668383939
32 0.6083417971178993 -0.4455610823677657
39 0.5788726656621597 -0.45679018925798476
55 -0.29451030717200777 0.6688962428178572
8 0.8139037392198217 0.49946338876044744
21 0.7843480754569245 0.42782031611938404
22 0.7705527125755028 0.46345384768429465
68 0.7055542339482841 0.3929416977701263
73 0.7989400656025484 -0.0062699200610682815
77 0.7280217198160184 0.4077318389352939
78 0.7043916880995074 0.4042232044086235
82 0.024059188871463237 0.21742026582401325
111 0.6832495906871358 0.3865246356741833
51 0.7057081547321264 0.4137348404052715
17 -0.6209349512653264 -0.5921779426756915
18 -0.9568513355337628 -0.028961295441562687
34 -0.8793930292113498 0.007545846275370741
38 -0.8336429157024776 -0.15244387246838179
43 -0.7957197160367058 -0.13515417247144274
110 0.7658711068718839 -0.03423949740073783
92 -0.17900986113160003 0.03240935591729328
114 0.7185068626677757 -0.030397344008380425
20 -0.6946645202838097 -0.6198552062583775
62 -0.5354342907159726 -0.556084961629967
87 -0.4829173195677484 -0.5364823254774639
19 -0.37735805714304527 0.8350277211562183
31 -0.9491833623801758 0.04461872344370403
61 -0.8040440454878017 -0.019478302788374164
29 -0.3054273167851486 0.8881051337194189
30 -0.30960518196772085 0.7830973712669057
44 -0.3054042957823949 0.30062145218607383
79 -0.2812055861650795 0.6433649410031218
70 -0.46562473280199956 -0.5091832567775092
76 -0.43023186838760585 -0.5010379783682303
46 0.9080886176617939 -0.01862394625619717
66 -0.16519510653994302 -0.025275179175582134
80 -0.29016440976525315 0.568509720514648
91 -0.13220419267595476 0.06904534040474417
49 0.8584287832454888 -0.051740689076473424
48 -0.1704537685927944 0.013773263130853588
86 -0.11693661718011275 0.028376491494056803
83 0.7613758113906995 -0.04631935473775823
33 -0.6666481234192434 0.4853705645697798
41 0.3855598780615985 0.6447969869895869
93 0.35279817092536125 0.5906493923793291
57 -0.1662507889054939 0.008788227980833261
101 -0.2692586296222677 0.6152430343497629
103 -0.6374943301710123 0.4741800820714387
105 -0.6574466251603406 0.4844889527844997
14 -0.9238699378795275 -0.18728102764492438
11 0.3413944042744255 0.15631467830796275
26 -0.8749226254287519 -0.17189251880218095
52 0.1618743840263358 -0.8206197371082704
58 -0.12060630746277126 -0.41624319807510185
102 0.15483083555827648 -0.7081801483284993
108 0.6965756418779019 0.39864071886003705
10 0.3447160526816999 -0.873910933042636
107 0.1601979778482424 -0.6409828171477547
24 0.3710716418028123 0.1694750619992933
12 -0.9585286839732432 -0.20007044766478904
54 -0.8322340187675641 -0.0030236380073669082
71 -0.8159834482360491 -0.0048955317787182815
99 -0.7919323703816471 0.01192185682549786
95 -0.45907300576872945 -0.4760308609479501
96 -0.4407647385776408 -0.46335252848259345
113 -0.44819978356281687 -0.46686258015656995
94 -0.27079784623148784 0.6281210081592002
75 -0.1964334315266217 -0.022872303024380862
56 -0.5324865736146867 -0.7344455832753883
112 -0.14456478742259782 -0.1084979595125978
90 0.33127465218231866 0.21423198144162278
28 0.3873004624407157 0.26638888948682105
85 -0.762782285402684 -0.13427199809209076
50 0.45119037659275973 0.27250284126192936
63 -0.2478295438829226 -0.35553754494364714
97 -0.08812202043336287 -0.3007694838528239
36 -0.6491347195467851 -0.13150881154562727
59 -0.3060333756989114 -0.4452911477356562
42 -0.6850688881870777 -0.04750325407457203
u 0.06711265361830102 0.3393743189309152
v 0.01061882846551033 0.3187415835581022
