34 2
34 -0.16521078398865507 -0.09834702478146498
1 0.2689998915588179 0.5478055699508698
33 -0.26380420700980345 -0.1677194174662416
3 0.31240940150649543 0.0031734391458109502
2 0.36839439079301894 0.3861976571742569
4 0.27547103116866095 0.29822321218139114
32 -0.0358142838555646 -0.40380633280311373
9 -0.1916348374039683 -0.06906006529177099
14 0.2774297689512082 0.26447762992066004
24 -0.38373312303561846 -0.7255246141134708
6 -0.039745222376482606 0.7389129778789855
7 -0.02835266818205453 0.748750477830748
8 0.2709259185438642 0.2700594035020807
28 -0.14834510588483896 -0.5240884515277903
30 -0.5132144185279716 -0.5511242117055789
31 -0.22955148588244847 -0.17999443956056677
5 0.00320613508453613 0.6986272507698765
11 0.005080764560599365 0.7096177956301655
20 0.2498985936841383 0.40111342773510456
26 -0.19372443239639672 -0.7343748396730037
25 -0.13518007854169406 -0.887882400872604
29 0.09303844969178927 -0.3920492121331586
10 0.2295729985861106 -0.19871969202909198
13 0.26324374066283 0.36331737930502583
17 -0.043738498194513586 0.7282793624811396
18 0.3162375382266646 0.4259633708990057
22 0.3147177279453047 0.4323962921750595
27 -0.725832073305434 -0.6006317777972117
15 -0.8155313711279882 0.05716011417293502
16 -0.7100356671015798 -0.2692177086944283
19 -0.8928907512049694 -0.16613301056307728
21 -0.4530969924533113 -0.12936076680960737
23 -0.29289458790271106 -0.18056768694093223
12 0.21778469100045408 0.5502469869500473
