107 2
9 0.7046087383288888 -0.25695412491576375
13 0.6575087840075093 -0.05568487622114636
4 0.8598665471490705 -0.13553175864582365
74 -0.37153819952051337 0.3034554345041999
63 -0.5247701919513179 0.04584799000844434
62 -0.5583092856261503 0.45696246955500464
66 -0.35728736689394935 0.3807207153774604
31 -0.787557578613153 0.22120987080437357
12 0.5697490908570185 -0.35353126652451766
40 0.40915195097138174 -0.1509147811159358
47 0.377767465725793 -0.16926802155061224
10 0.4355397119807345 -0.6037119572549787
67 -0.4858918980120315 0.10559152927482718
68 -0.5586289423175957 0.05557727475080089
11 0.8951682758438829 0.014742970395967218
34 -0.6306660669860991 -0.03489077661775147
75 -0.27674629241409077 0.4058329417182256
14 0.5253450794088335 -0.08661378496083
33 -0.2581962667282671 -0.6031935138354038
69 -0.42231695853894513 -0.0205663118394071
77 -0.3291226550056587 0.384164080164691
93 -0.3073028888911153 0.34161288851651705
7 0.5458366979313702 0.6661007097449605
32 -0.7570641545713138 -0.09530332106986927
21 0.3106881258013218 -0.4957906694566841
38 0.8533017997801482 0.20070801988958967
15 0.4673156588092308 -0.24451741646134822
24 0.7238454687969046 -0.13948760429166224
25 0.427489031558284 -0.29146462120281647
27 0.4126167494578887 -0.26718986138879747
28 0.5827909367237898 -0.27659730540310895
37 0.7299304101385393 0.07782241346597629
72 -0.4649704194902326 0.08121139419423207
82 -0.3458127429133858 -0.6919888322005062
5 0.5388624357734805 0.7750015496968019
8 0.452643713628992 0.6434430570294597
41 0.4501239562719716 -0.147840765456634
49 -0.007733441531764411 -0.5108433097812095
54 0.7581308146562159 0.15648323808729356
70 -0.5376267300158273 0.04374937228035323
73 -0.3305833158831965 0.12703423586823148
79 -0.5006259039064803 0.0665023900715221
6 0.5487647595968044 0.7260958505375845
23 0.41769313306879857 -0.08742382839300884
39 0.7852887769969916 0.13523798275105278
53 0.770167474928376 0.15115747513206249
60 -0.4334118174502487 -0.045023650894214035
65 -0.6802683703565194 0.1749400975537152
76 -0.2508920071172869 0.43341772413286056
83 -0.36202827605002624 -0.6872729902297926
104 -0.2546221724591613 0.41571626231370745
1 0.5946113745038827 0.7851266336414179
42 0.46758531822396115 -0.06954809982416535
45 0.3781365894977165 -0.23450732316279857
51 -0.34205692099311624 -0.7531920277472836
58 0.3878163947467862 -0.06752657881867119
64 -0.3784590158925541 -0.5794727870251969
87 -0.32013671596150467 0.9271894066280484
89 -0.30792975118171445 0.9099070990577488
95 -0.36226964051187727 0.2830448497221914
97 -0.3307511381087155 0.3726131752386288
98 -0.32285601767354244 0.3348311759374826
16 0.8862803361071081 0.0029536855310105226
18 0.4812659824789473 -0.08896815804349639
20 0.8688423570983056 -0.014098659697747337
22 0.7389183522161881 -0.185853088978547
26 0.3952625905985228 -0.08735968694759723
35 -0.13649541364094123 -0.08189212185499643
36 0.6237769068009177 -0.02868928448725484
43 0.4334247956840668 -0.09887729386301554
44 0.4870004738538052 -0.0747985682653158
52 -0.23816987707852605 -0.6497901075990279
57 0.8346190148074809 0.20236801816427516
59 0.1703778973695289 -0.3344983339198897
61 0.1972247495263647 -0.2540104154107525
78 -0.5030185942444328 0.02136353759224305
80 0.9472890786928801 0.2387639449204936
84 -0.3300353754157964 -0.6617693917327515
86 -0.307973765565951 0.9432053202929374
92 -0.2123840731062162 0.405746625870189
94 -0.337203217448736 0.2822663998874448
96 -0.5117144773993654 0.23944489340241412
102 -0.3706916654679104 0.14071699192497858
105 -0.32354570984039493 0.17143833544202752
2 0.6156756478991998 0.7570261332029108
3 0.5682977829453524 0.7969028081386588
30 0.3223361388984562 0.24611825721490577
46 0.4424988525596052 0.028039677969000826
48 0.2352630414937468 -0.5833834687256998
55 0.878768553798213 0.004721356496922857
56 0.2945303014563393 -0.2069669965886845
71 -0.546842387216187 0.11076899719710057
81 -0.16784511245829084 0.368454137545002
85 -0.32243106074375705 -0.6261203357369363
88 -0.2350095581126571 0.8838913359906228
90 -0.30855400767978175 0.9195097283604609
91 -0.1748924341009564 0.45618665176890594
101 -0.31765109145924136 0.4279281429110989
17 0.883973315010489 0.004369254541300928
19 0.5296696990435625 0.12419781301320709
29 0.23348016714885222 0.7451252007658975
50 0.33584705280091015 -0.5833526513556448
100 -0.38004640793288247 -0.5660352105162821
103 -0.4042121637754467 0.12343161127317125
99 -0.3917665005815977 -0.5740914599287628
u 0.2889956057642895 0.9330238105507371
v 0.2889336261520143 0.9327643872900935
