1092 2
6755 0.9526128128558851 -0.16917861162230136
3163 0.9771185847130098 -0.18017426066212033
747 0.9546628747120814 -0.24473008459383405
2908 -0.8087020888028809 0.44075319008624403
6765 0.9623553485726296 -0.16863958378984575
6221 0.9319763704798667 -0.2428620236287513
6756 0.9668026590598792 -0.17635909174028191
210 -0.7530797424407673 0.6501755339163101
6757 0.9642636237456377 -0.17834591319060036
3174 0.9789479352634092 -0.17511252478308123
3493 0.8872719499557273 -0.2134988618707944
6768 0.9713724029604366 -0.1526719389756444
1044 0.9627913152762447 0.1348221151072975
1977 -0.6879435663315612 0.6128906744436492
6401 -0.24636011855059978 0.9375184945304733
722 -0.3460453159052877 -0.9247614117179392
264 0.2578240099326927 -0.19304306764214726
2302 0.9782199552643891 -0.18980143951478132
10309 -0.8526023100939591 0.3726730251333677
6975 -0.21443306445220223 0.9349313730124034
1588 -0.7241677148736773 0.6156128930089946
260 0.31768180971687754 -0.9423067887641039
1900 -0.6387780689737604 0.7299192032994944
8758 0.9509067267660376 -0.16778941434017708
44 -0.8015636107242834 0.5748756008853605
8167 -0.5023772448218774 0.8247403803388671
1892 0.27306863795461195 0.9573828245842272
4563 0.7171671030795262 0.6583224648624829
4627 -0.06046733153265787 0.9633412407249586
5524 0.20391395648941707 0.3105138187664301
735 -0.7197165754179271 0.6760531648768363
5789 -0.6926808239755302 0.6441419249681768
5561 -0.8500468209795244 -0.4891975351129193
6760 0.9681941655763372 -0.1675808719233665
6780 0.9670107232601763 -0.158815963187268
8757 0.9671619347628941 -0.1618613484767559
5054 -0.9960222562959617 0.057680921167230906
4656 0.6875856655952277 0.6290224014422467
5461 -0.6805109351786783 0.6420240343774747
2843 0.9464351374860518 0.2917366751451526
3930 -0.3025767936146932 -0.860655299823904
7863 -0.8130689726651322 -0.42781920724362255
1249 0.15564949631225541 -0.9667473280508988
8090 0.70906101592936 0.6422760540700527
5185 -0.21630753149296253 0.964038683062006
6970 -0.2238452643080818 0.9568609478687056
6971 -0.2268073142776372 0.9576473933539934
6972 -0.22281900521883294 0.954672921588773
227 0.478254924885631 -0.8722553164810101
407 -0.5130424763148317 0.8361657757866386
1122 -0.8414252318644263 -0.1031612402915294
958 -0.7921322122597102 -0.32861300946661876
2336 0.7744901813969166 0.5195218670345723
6800 0.9675265058101441 -0.17741260865498149
6803 0.9676701689991705 -0.17734180606236474
7787 0.724380263613545 0.6667798883955569
6966 -0.22548041434355162 0.9573474059972185
7169 -0.22447770698354527 0.9537960357805755
3808 0.15763324297996684 -0.02407704515797199
1027 -0.7328831996249004 -0.6709761999740006
3145 -0.07308958313096679 0.9651122631315847
2268 0.398733846398847 -0.9045174063816622
1989 -0.1953661110888203 -0.8504722535434129
3085 0.9241269173664839 0.22812527223093917
6898 0.8455033499578167 -0.31969147981850116
7053 -0.32003032947659926 -0.29703032266754076
2710 -0.5596600662704992 -0.8095546050492668
2819 0.8921957336427848 -0.43225739088976206
6269 -0.4190843417128375 0.5586159281759282
6805 0.9690332061637226 -0.17853378820959512
10505 -0.8063987385810588 -0.42382337323089053
3614 0.8668946498768738 -0.46065742407639715
2860 -0.8986033801812798 0.4260993347534106
10411 -0.8610566382551504 0.3875312643440613
11644 0.9663663318551918 -0.16401963442915066
6679 0.5600064682113876 -0.8005156539024907
8088 0.7253389171271157 0.6664918092428902
8203 0.7138790264402721 0.6714515011689809
4896 -0.8789330959095529 -0.46506547372009843
2091 0.22187581275955323 -0.018016225976321763
2715 0.4875818596504752 0.7046740883228119
3390 -0.07455305072716792 0.907703002050743
389 0.9554646000546565 0.281182769334508
11963 -0.5145726694005921 0.8375383202764296
4608 -0.6909460858245801 0.7099283397332864
5743 0.531918626313656 -0.3207514096490504
901 0.9869586996497561 0.06538209589804309
4945 -0.5421332654575884 -0.7976464784554183
4636 -0.6355679261358715 0.7430156599591947
3931 -0.8544588335810306 0.384473093567688
6761 0.9666309440826021 -0.17055772825301008
11939 0.9657592307027578 -0.15962461155055194
3824 0.5865369593692921 -0.7935477002654626
10855 -0.9221114234139703 -0.380498361500908
5053 -0.9979483915722647 0.05790822223020419
15670 -0.9970647986418444 0.05785500396939067
16294 -0.9969668648971113 0.057791066538867855
16301 -0.9969642579371708 0.05784109873931175
16302 -0.9968263339591522 0.057879288867110364
16306 -0.9970005293414061 0.057863721870245986
16315 -0.9969754989025552 0.05784455073841818
6960 -0.2252295401526457 0.9691518005424355
7177 -0.22506853651168704 0.9504863859950503
3883 0.2845099918522345 0.7542937863943563
1473 -0.1528226090141581 -0.9080529387581744
8136 0.3166246403474458 -0.9441199400082616
1449 -0.5438373443714148 -0.8252595874766664
15216 0.9506638639552487 0.29361609764695806
403 -0.7816951910540919 -0.6181861926675737
6296 -0.7815310208683245 -0.6195129713135159
8927 -0.513873384389258 0.8371721779892893
15104 -0.5134842781217014 0.8367196099964379
15105 -0.5137158160270198 0.8357916587677191
15107 -0.5138628546240963 0.8368263213656459
1145 -0.33871917054427364 -0.9318552754626609
2279 -0.33809150918496605 -0.9253413551459692
2312 -0.5661489527780227 -0.2315310404984199
3736 -0.5089692278710043 -0.7835373021482201
8718 0.8167006435333475 -0.30272505423836005
5815 0.8447072655541826 0.08492017153137107
3682 -0.9479968018082137 -0.0651492200882975
1170 0.7454550930722713 -0.6408581885228111
1264 0.8666069133863691 0.4850383840988876
3879 0.6797761086708928 -0.7019905502566525
8866 -0.3579915452178854 0.47980961067170874
2886 -0.5492138807614748 -0.8164730125638354
6470 -0.6400204291150898 0.7472450976779865
7956 -0.6378416233709215 0.7448382885718652
4625 -0.06637128796400164 0.9718300331255683
15024 0.5214551740353218 -0.6342112590095472
15028 0.5074888800891046 -0.6034064431565852
15032 0.5015474468500833 -0.5917300756237276
15033 0.48424915221763265 -0.5519490403138589
3978 0.5398584832151224 0.8366481193832757
10065 0.3620189630330272 0.9226347626663483
5898 -0.8560063081002048 -0.457745893094643
9350 -0.9229231912698872 -0.38101823845248395
10836 -0.9226159083875674 -0.3809031594442474
10840 -0.9228297779249423 -0.38091916782019414
10843 -0.922561848036534 -0.38073445571016834
10849 -0.9221789488648535 -0.3806716766920154
10852 -0.9222895914722261 -0.3806627142516622
89 0.32899863221775366 -0.9426812299585272
2792 0.32649979381669497 -0.9401630470249787
5310 -0.9310320144719707 0.33722401892209075
1721 -0.7303479265231521 0.6620793427173196
6553 -0.8103011983037159 0.47794297123705815
1278 0.4891769427254319 -0.8630040653572535
1409 0.3393035585961546 -0.3809932520855578
1911 0.20291707484725757 -0.36182181210676195
7495 -0.09623380819920757 0.1991969094923047
2896 0.6444067322204595 0.7431996427241859
370 -0.5067635555555151 -0.8563649548975397
390 0.9538422170916913 0.2890328239481317
4029 0.9511859304664388 0.290676350755573
3462 -0.7815646753346077 -0.6194343650914781
3463 -0.7814978094971959 -0.6194962952756918
616 0.423940364194572 0.9003885981036694
665 -0.6808996841136542 -0.7285788471614955
680 -0.6790831048304116 -0.7244397509740819
2711 -0.6183533877158409 -0.7253739285485394
8674 -0.33633406478629896 -0.9216393963838374
2846 -0.8254202208019774 -0.5128093653270818
4126 0.35975946258657865 0.9167744344872367
2513 -0.18208133414889247 -0.8996383846321707
1554 0.2741283320930283 0.9607609590190557
5259 0.27376367060459 0.9591336421080358
5262 0.27375864652369813 0.959036753595902
5264 0.2736894752133563 0.958948877565512
5280 0.27367900676134593 0.9589393215323987
2229 0.6064244347714596 0.5647796733842021
3387 -0.18080502757067946 -0.786029654125049
6991 0.1993501120570354 -0.35016972826892356
2141 0.46573723768082703 0.6940202430549259
2092 -0.6084773523025553 -0.7884500356845571
4212 -0.6118574149120877 -0.7848436635128212
8160 0.5424263638227462 0.8341811384375969
14060 0.061841673641167896 0.9426439628413787
2842 0.0709823029617755 -0.993895268053957
3706 0.06780566993893367 -0.9942270247294752
5516 -0.8560639358166153 0.39407117297096694
10418 -0.8543252507227529 0.3932043377161806
10419 -0.8426321277151733 0.3869358573523938
6554 -0.8041848932024407 0.476462608548077
5904 0.9670846748955045 -0.14325514078201354
3611 0.8760234247321568 -0.476717042106228
7788 0.7260758826961772 0.6695907466535118
8205 0.7217152308268512 0.6665792162300637
8685 -0.8347780025946072 -0.446373775424368
13537 -0.2224462318448882 0.9523487825385533
40 0.9909774673340962 0.12054111841186142
660 -0.7615661708027188 0.21591942081116547
2783 0.32663817208379126 -0.9405978537178482
2791 0.3263077350908407 -0.9402611002030221
9362 0.4719273515251634 -0.8737688624786466
6392 0.7040735375801749 0.7029758762095818
202 0.5680345837293154 0.7974568805548549
14197 0.19025137719671872 -0.027029506832831635
3352 0.2528152211394992 -0.1662422699828132
3517 0.38208219905833185 0.028874193490753864
2614 0.4071604168237024 -0.8923253113291382
346 -0.4463531481214121 -0.888450499346408
3396 0.1483158318921829 -0.18574982793366057
8311 0.9207592250480384 0.3205741515265716
15208 0.9508078011761679 0.29265867466096973
470 0.9704011527165188 0.22616708748154454
475 0.46203780157260815 -0.6876849272537952
681 -0.6744491938097916 -0.7260167682316009
11995 -0.33857390487275846 -0.926158151772369
2119 -0.5866054139266469 -0.7838198064727862
15152 -0.6869547156157085 0.6542665753642025
1675 0.9634663488766768 -0.25085944818191125
6234 0.9551950791039167 -0.24736406830616525
6238 0.955297776273184 -0.24758872653715455
9547 -0.4448900662836175 -0.25458639826163243
1195 -0.1932203601601571 -0.971288613203379
3472 0.8862315322655022 0.17843506161159256
1214 -0.45376833290187263 -0.8847355974113897
6381 0.7342829890698309 -0.662946681483878
1321 0.07429296719128332 -0.852633815440864
1844 0.21217120800659908 0.9670927415432465
1454 -0.6382066859146872 0.7657021140017229
3655 -0.1706907808086915 -0.8105319291996109
1712 0.619035106409211 0.782160449580931
2667 0.6091642570417177 0.7824879017234148
1751 0.3961666202323677 -0.9160191244334124
6388 0.26778467635314007 0.9526943840271789
8292 0.6784896681937371 0.6709956162464985
7959 -0.6374965865851654 0.7438215989678293
2206 -0.4429801514495156 0.5789753642157002
9224 0.12474736279193359 0.2908280354776489
4079 -0.5764315666896014 -0.5608562666538797
3170 0.98084616915606 -0.18233994447340215
3171 0.9806169982749849 -0.18221557722506665
11947 -0.12437367010872279 -0.9855961808558802
7030 0.07918969533209053 0.9448860411275896
2748 -0.5533685345972238 -0.815445210771821
2760 0.6949522837226799 -0.7081920127433136
3708 0.06814836644957853 -0.9935615394841254
9604 -0.25176899032467237 -0.08585866235950082
2921 0.1344110451693933 0.982582458133725
7602 -0.062460452695671256 0.9700097110248695
3613 0.8751260142421925 -0.47501308651858976
5234 -0.27234076744459657 -0.7430177420723968
5145 0.3615479032275318 0.9239078805144997
10051 0.3615223604785981 0.9235956452585674
10067 0.3611706412414534 0.9211235894219592
5926 0.7296302726892634 0.6597393356313791
4617 -0.9917535019483527 -0.10279055635002263
8526 -0.9903484988827865 -0.102867649191642
14214 0.7183349828897958 0.6529175346764273
12674 -0.8687828125676548 0.35594851422543156
5542 -0.039987577774907565 -0.9966639624303276
14447 -0.04007144180447126 -0.995791453970198
14448 -0.04004971854250501 -0.9958179880016162
14449 -0.04005716242523934 -0.995587147375812
14450 -0.03997166360908099 -0.995890430547091
10350 0.7344335847738345 -0.6665409356399733
6516 -0.9836858066676751 -0.16369118268583402
6522 -0.9831176853812064 -0.1638790607886812
6529 -0.9833771909653811 -0.16367475305852194
6541 -0.983196547339857 -0.1637883666740177
6542 -0.9833012494634121 -0.16372862413363967
7261 -0.12450657294563854 -0.9874980117959706
9384 -0.47123010552617783 -0.8324049821651097
1592 -0.23978081324849226 0.18121977652643007
10452 -0.05446955962171217 0.09917675560873311
2189 -0.6152186933065982 -0.7836970736097111
92 -0.7326891365738619 -0.6751458609530203
1624 -0.731628056443274 -0.6742334261230065
6140 -0.7313101076062035 -0.6741701983586247
127 -0.9406380605535641 0.3303861666347714
8384 -0.9283882759164716 0.2777192640819198
134 -0.5068603555936323 -0.8076770654181442
2025 -0.48415261232055135 -0.7824403257002689
157 -0.9701668024178605 0.2027307223787073
178 -0.15572200955882878 0.977345506589491
335 0.4116763268943148 -0.8891120943810193
12206 0.4805248005245487 -0.8685054695625388
4887 0.3112856950091885 -0.9386910470694868
5033 0.05526517906831632 -0.6960473467014475
8133 0.3170316986444811 -0.9438529687768624
8137 0.31667539686684415 -0.9439058817700996
9101 0.31648991089465883 -0.9439861823250395
11891 0.3168483145633163 -0.9437969680703402
9032 0.2726213994735234 0.13958040621452314
11087 -0.2741975249688789 -0.1889485260657647
13881 0.2525524688435583 -0.17538799242524494
284 -0.32668064240885875 0.8897029205110323
8302 -0.44809319447229246 -0.8867331878660089
363 0.6489131238359686 0.7494217344973682
1086 0.6491708906269028 0.7493885399802068
2389 -0.41175777736998215 -0.6977338637733118
394 0.4560383653567114 0.882528720798885
3355 0.45209361623632954 0.8810712409888224
3660 -0.7591488416773868 -0.5687167969688915
607 0.42450922792280865 0.9015532301004854
622 0.4242774035085429 0.9010559923872788
624 0.42427032444705803 0.901047238036318
5380 -0.6573121212036828 -0.7170616917273233
6864 -0.2857932594985775 -0.3777982233099682
1671 -0.38748038395092343 -0.8922328451908647
15794 0.5709424553006264 -0.28559517087845526
15795 0.5716635594716603 -0.2555189399342984
1315 0.90400456904804 0.07406106222785086
4492 0.1876409884249445 -0.03211679842414067
14200 -0.5736819473998164 -0.21170024848723443
11536 -0.7228028423685187 -0.6751177324881663
1039 -0.9863706608946443 -0.053823624310148616
10171 0.34996525529097017 0.13417543724073216
11090 0.9706491093903364 0.13822698639846567
2221 -0.07736539099008699 0.9471049651418211
1158 0.7605762197597716 -0.6372450673507287
2026 -0.033393082446490516 0.9424354934075573
3639 0.20082709492962672 0.28470902292225836
6498 0.21217562849466384 0.9667691716029503
1336 -0.3978829798487293 0.9070995191852932
1463 0.33924618871296064 -0.429992061569655
3583 -0.18296656221019578 -0.8960737263924782
1702 -0.3820555052614371 -0.877995895071905
2057 0.6191306149896775 0.7793872144603451
11794 0.6113664509580036 0.7807907739929904
2263 0.396088988184591 -0.9152034740420016
2267 0.3960682718530622 -0.9151140581964637
10137 -0.6389131215280087 0.745829434916079
12576 -0.07439645932493398 0.13754843691635052
15949 -0.3721973682036776 0.48928007121269423
3146 -0.07051114436529997 0.9655586616361738
2232 0.0412327695667671 0.9914221659139715
2732 0.9384502090363135 0.3294379159392481
3768 0.936491494341727 0.33141967503092495
7943 0.6878862844443674 -0.705804266540755
9070 0.6882659705699321 -0.7055513354840783
11146 -0.8441674194697446 -0.49410469024076525
2919 0.13433787824077906 0.9822954255661893
6294 -0.7814447835180617 -0.6194826982616484
7551 -0.7815601619782665 -0.6197040242239965
3608 0.8763912370823568 -0.4765136460865409
12581 0.8715980779587172 -0.4712357355629915
4108 0.19305321593995697 0.3280707694153191
15006 0.06786905899317133 -0.9938393315141131
13023 0.5411734301479868 0.8348714684276833
13655 0.5409702236490201 0.835128995851391
6439 0.20261475621822456 -0.9381528124966786
4506 -0.5297355972251487 0.11978747348503342
4549 -0.9553364711157702 0.20853403940148077
4597 -0.6908141781196325 0.7208063014285429
4599 -0.6905856278250794 0.7204081098838222
4613 -0.6900900816296206 0.7180741701449834
12315 -0.9896963275760648 -0.10246096739751219
12316 -0.9897777602254352 -0.10256822262974506
15761 -0.061403552148125394 0.9678379316278508
15914 -0.9897748473327107 0.05700332479300494
15915 -0.9891579838543866 0.05697977357959514
15917 -0.9898098250940992 0.057019154643547704
12533 -0.8763644789427669 0.3511720177716467
5728 -0.9511774407392495 -0.1662594789827896
10225 0.18659774017969072 -0.19633495193672235
8093 0.7266219795857227 0.6561821782866163
14058 0.07506053194178289 0.956917584762517
5957 0.812643618376727 0.5690288649009625
5996 -0.33714101784095646 0.9315420638998271
6067 -0.7674381264465238 -0.6355047843013191
7541 -0.767512418539772 -0.6356698105469141
7544 -0.7673962937247928 -0.6354523150843926
7546 -0.7674256109274246 -0.6356587341393214
6270 -0.40544286299838705 0.5615653131059173
15454 0.7344848975463395 -0.66617669791459
15458 0.7343867147075405 -0.66558326363837
8294 0.6905524783637219 0.678956491091802
6664 0.5444359082147726 -0.8325725106017224
6702 0.543166688355309 -0.8241664040957275
6707 0.6565178897563381 -0.6473461425395974
13752 0.9822905813995324 -0.14179145300121293
13757 0.9822986836572374 -0.14185462982394387
13766 0.9822765444682672 -0.1417551006980786
8647 -0.12451689197532344 -0.9875460341704063
8039 -0.087372780823432 -0.991773664543265
8040 -0.08742542334130594 -0.9926622794643347
8046 -0.08737988121509532 -0.992304245255407
8051 -0.08735873851557788 -0.9922566528154986
8833 0.6256933527432191 -0.7757282866007131
8836 0.6255071209742984 -0.7754924803990444
8837 0.6256206507615553 -0.7756063454008633
8839 0.625477895338869 -0.7754247879084798
9000 0.006330596421810208 0.9945768043521189
9002 0.006337398035577441 0.9941972454682633
10314 -0.07428196172374224 -0.9811462098281083
10379 -0.37814797716801757 0.9212067154157297
10383 -0.3781065778079383 0.9210840148354367
10386 -0.3781041866535371 0.9210763563754762
10387 -0.37809844116962027 0.9210707354598312
10495 -0.7412944358382693 -0.6393602157505368
14002 -0.46941317465350724 0.8741822701504499
14007 -0.4684836069967929 0.8737718196561771
14010 -0.46893054984148025 0.8740463443620536
14012 -0.4685567044690092 0.8728400521866237
137 0.9565500169007076 0.13048314959631863
935 0.9868740104300657 0.12087148722532642
7716 -0.644766051117813 0.29344587712873405
8527 -0.10655824621979619 0.326412664986521
9094 -0.14997140037699921 0.12422689662986681
7430 0.4321843935570143 0.8415469670631507
5309 -0.9377656816227216 0.33238103917679906
5924 -0.5087254779792337 -0.8073902249731658
11312 0.9485440487654568 0.14142253993914508
143 0.7035307087994201 0.7060419673252585
155 0.24118534881866674 -0.9602039359201109
14605 0.24079257272931706 -0.9605387414922711
14606 0.24092047534016636 -0.959899512786675
2067 -0.9694260720839251 0.20261703898908393
2068 -0.9693912672963014 0.2026107760697171
12629 -0.1557267811054304 0.9769766950323625
13946 -0.15572481919340322 0.9771260100846179
9368 0.471609425823829 -0.8733830928084012
15337 0.48034344232891457 -0.8686531710681208
6383 0.31017551420119854 -0.9383004635793271
2176 0.23733414923544394 -0.15850852471850235
4188 0.29439223355715705 -0.17645048738651006
314 -0.7369783925871038 0.6739519356144876
323 -0.9446025794334252 0.15837542106386032
1100 -0.9427827669807992 0.15850823320677088
4737 -0.4445610247332823 -0.8810554370200177
15363 -0.44614063489909195 -0.8879678740907738
7019 0.6484233137475918 0.7490952995461275
8704 0.4562341154848043 0.8813941443788307
8707 0.45596977618953394 0.8811601091180075
12805 -0.7815615242757098 -0.6182599470798973
417 -0.9731007366676624 -0.17884862279255773
420 -0.9728740690830232 -0.17882397549741968
805 -0.972705500444046 -0.17887513900123014
426 -0.7613118422409796 -0.5702701942431947
453 0.8344206127944183 -0.5297763235641831
454 0.8300151081612983 -0.5181393845198956
4159 0.8064987792358238 -0.5230881462745574
1545 0.9656930854408123 0.22715660287983305
8079 0.9442081517698449 0.22622982040761325
3353 0.22559299025727314 -0.20290137348218495
481 0.2892316646389423 -0.8210550061250483
759 0.42315176169630897 0.8990231899485298
10709 0.4232404885206466 0.899118229735609
3624 -0.6790000928255938 -0.7249053419531897
14730 -0.31090546177575945 -0.39096532294237185
1149 -0.34270022742039585 -0.9272596343329601
732 -0.5999074181816083 -0.7809157220524098
5258 -0.6006751837239551 -0.7768510151661995
745 0.9816569555236753 0.13945528267003768
792 0.30000923158458465 0.9191417411413454
13369 0.2994502800778416 0.9181058369837659
7635 0.8443236219259528 0.0824733999564217
947 0.2993037367805011 0.811592933621897
13381 0.29154379966060856 0.7655434724290113
4399 -0.8120502945095786 -0.37873840246662777
993 0.3446726959575439 -0.8412349213952727
12467 0.9697394281258228 0.13720637491052728
1094 -0.4566642887138097 -0.8850169476982538
1213 -0.45605360520348476 -0.8847607348120218
5980 -0.024446849692404495 -0.11450699467655456
8512 -0.8709207264511915 -0.08496913886868826
1160 0.7534510936463674 -0.6218007607221862
11158 0.039472020962562394 -0.2646985288723667
1193 -0.035085058914742465 0.9485344336022189
7209 -0.03567025939377045 0.9455402360871703
5329 0.15696781857338002 -0.9630121909892428
1765 0.8625170822294056 0.4813596913198412
3307 0.8618130400984815 0.48399140611762076
11065 0.8662509119967643 0.4849141286615159
12758 0.866344374858805 0.484942187098726
1286 0.8308782588573734 0.5350328103765158
7311 0.8308672905251634 0.5350078067463842
7314 0.830824329291107 0.5350202622510096
1300 0.21243760387522 0.9672627698281059
5871 -0.39821653817488245 0.9066952218027192
13395 -0.39787769519076893 0.9070478714567266
1385 0.8505406988672781 0.4390987136894932
7043 0.8485154686419575 0.4392467098103719
2391 -0.056120382206609344 -0.3566431139253366
8142 0.31280301575502595 -0.36324774158213097
9077 -0.610360435072951 0.7684985928523962
1569 0.8960631239482462 -0.43474524359695416
2822 0.8938038129304713 -0.433291334238085
1627 -0.40185590463927806 -0.9088210565093717
1685 -0.39559550834070867 0.8980886699141858
7761 -0.39585081407786443 0.8984162291110135
7768 -0.3957270051004146 0.8977763098767993
4095 0.6190694571035111 0.7794959321634982
1846 0.2093891330755789 0.9625914332817808
14277 0.2691568815606825 0.9534839321955286
16508 0.2679407254630881 0.9529134681409744
1929 -0.9307512141060967 0.10565933441418601
2180 -0.6569115727796889 0.6085181172769011
2116 -0.03399265796755677 0.9362927825691411
2586 -0.03141084051811618 0.9397561406189306
2075 -0.8650630207061958 0.49023003078602406
10307 -0.02551432643004037 -0.07428716802022074
7397 -0.6101363449760698 -0.785495652957078
2097 0.5489827352300467 0.8323963896117029
8158 0.5478605701607927 0.8322399892268778
2905 -0.5871784731431597 -0.783318215340772
4867 -0.5870248820481102 -0.7832747752421853
2716 0.464310837616671 0.6854603091446146
11494 -0.6130880224135082 -0.7834685130502388
2252 -0.041834524881827755 -0.9258807757581302
8881 0.40208058328934354 -0.8974362395041018
2334 -0.12436192788833499 -0.9848325075243374
12594 -0.12430894513802172 -0.9847498271643077
2349 0.45101908345649155 -0.8569356965922763
2352 0.45078980537895 -0.8563128670565139
2355 0.45050722002925175 -0.8559526964645341
2393 -0.9548756592208738 0.2550748671800285
11027 0.17722285946690525 0.3379743242618234
2728 0.9387946798564714 0.3330432280345131
2746 -0.1535222044049091 0.7869229878403187
2759 0.6987109932373041 -0.707725040610671
6369 0.07010067173544304 -0.9852172322213514
8447 0.07157280383843734 -0.9915150300623409
8448 0.0716113367854617 -0.9915069384017803
4711 0.9458148474358988 0.2931768645761552
12838 0.9454888173300084 0.29384756286917657
11306 -0.8231902909668183 0.42247008176073325
8168 -0.5421327314141837 -0.8012055114238077
5831 0.13435093161784176 0.9823101283100102
3006 -0.867858008559091 0.10703004967024338
3126 0.3624153886117752 -0.11774620309125318
9434 0.08961792574541178 0.8810229104381456
9758 -0.9159056977288003 -0.23084010179124037
9113 -0.9599567978387592 0.0969068895565306
8348 0.4525326450239793 0.8809909707631914
8365 0.45223842521558616 0.8808937648235775
3432 0.9457702090604966 0.14148404408861973
13324 -0.9497420704550598 -0.06517045190226492
14552 0.06714193174277262 -0.9934101852496716
15629 0.0680965553903446 -0.9937065333187243
3839 0.8918990318030927 0.4242449447901215
3840 0.8901693607779109 0.42356341101084655
3845 0.8913796420176352 0.42417579880110984
3866 -0.917323609043414 0.37883929636539154
7810 -0.02268833833409874 0.34949068855077403
4018 -0.8512376557289149 0.5060197678174783
4038 0.2057801577166604 -0.9467538115547799
4238 0.2053624655024154 -0.9464997314540418
4199 0.16340480539166077 0.9392768807701228
4752 -0.9553576242569903 0.20811429953358848
15738 -0.9560711256252751 0.20829842095274256
8525 -0.9902366005876411 -0.10269214398815474
5476 0.7043489384905726 0.6338992314688549
10538 0.7015780194156259 0.6399323484707719
4664 0.3001220979702815 0.9216000346802369
8936 0.2996996599772685 0.921063510260072
4846 -0.9344658353576281 -0.0665383407685709
5438 0.20339008462559932 -0.9378565160387179
4894 -0.8816925633931786 -0.4660676742994084
4895 -0.8816595063307404 -0.46605418987079705
4983 -0.815687441861869 -0.5577424899493463
14761 -0.8143040520983138 -0.5568179242375655
14763 -0.8138131710352875 -0.5559681822333299
5020 -0.9239062602896442 -0.37218055670403777
8099 0.11338251700847353 0.9293595133405881
7040 -0.6202177602305049 -0.5380247981351605
5408 0.9512943624239031 -0.2956785269421393
11325 -0.8454983856323163 -0.4920017577399262
5818 0.5441094813468846 -0.016477569602206362
5839 0.3745979221915215 -0.9063624880499793
14480 0.37490598261863534 -0.9063471270794982
14481 0.37473103288799176 -0.9061021746020548
5940 0.08901849524883412 0.9837688522189445
8729 0.812611627934861 0.5689520108307794
9206 0.8064542154337797 0.564829150283786
15145 0.8121707906660884 0.5686289446048586
11917 -0.3372440421260318 0.9315390432928718
16414 -0.3372369821998674 0.9315263817344799
10297 0.9328293419575949 -0.26491105204798343
11331 0.9320759086965524 -0.2642442077889702
6272 -0.40308935532592843 0.5643594926401331
6273 -0.39740505970168366 0.5447935231609937
7017 -0.4255325257954204 0.8149368620688671
16195 -0.3005841613661619 0.7632006996993385
13110 0.13405509112885788 -0.8947981271128103
6443 -0.9838439031831783 0.09137066590705933
6463 -0.9835748561437839 0.09127984665564792
6469 -0.9836538838103986 0.0913280978431782
10277 -0.15426191701431352 0.1519390766993695
12559 0.5423227849028577 -0.8260375379959298
10827 -0.12444435945641047 -0.9871143429637522
7321 -0.9138067541530418 -0.23051061656413532
14215 0.7202849797032197 0.6546921177164498
8570 -0.9474103596215897 0.0422612904380118
8627 0.06000145238271646 -0.977629292702348
14503 0.06005232795043792 -0.9774466648899351
14504 0.0606308735301444 -0.9773887107551931
8994 0.006336315581009193 0.9946713113835347
16157 0.006245737361542201 0.9945173464913998
9381 -0.4717857438185042 -0.8330495945791667
9388 -0.47139920418729353 -0.8319377093311336
9475 -0.9548731047309366 -0.22099690021288185
13873 -0.9549700620949472 -0.22127631363401168
14513 0.3628311922038519 0.9223120552525603
14525 0.3620275810806798 0.9230162388307073
12377 -0.07439779656059642 -0.9802879243233801
12381 -0.07420822796204701 -0.979609186622911
13399 -0.7416915737750678 -0.6397223257851156
13401 -0.7424458877889389 -0.639922753184195
10897 -0.9687014624918198 0.0009095164542153231
12073 -0.7215402915554922 -0.6756999961797308
16335 -0.721725874918743 -0.6755666854538572
13150 0.15862371639702616 -0.7988461091513868
13814 0.0024945840155445936 -0.9866847480213506
14808 0.002502068407879404 -0.9865265734060548
14809 0.002490503255701006 -0.9865641100442593
16436 0.4219629504752344 -0.7844164124933717
15222 0.9508240797168365 0.2958132860710751
15223 0.9506309772124231 0.2954696795812781
u -0.3715974559922177 -0.5343919612202422
v -0.3531503586500518 -0.5116779044937911
2106 -0.802653005566263 0.5741119268448168
52 -0.615744283982717 -0.7828133929778706
70 0.43353941729747664 0.8442268731210092
9569 0.3300836584793376 -0.9360295492638934
115 0.4708951098660422 -0.8747749250096902
2406 -0.5087785874318039 -0.8030383293699701
2202 0.6997941872952391 0.7036458978110511
158 -0.9591286958198617 0.20057868352944516
177 -0.15568942416822376 0.9774487602936737
699 -0.7527601476339117 0.6497214505129573
3054 -0.7530832233504038 0.6500835067812365
7619 -0.753121101597204 0.6500782100034639
10903 -0.7531776535250455 0.6500962682823836
11163 -0.7528183113083993 0.6497062453150174
13589 -0.7529268719874685 0.6498514675731797
14703 -0.7535409630227226 0.6503564069069571
16181 -0.7532151228474345 0.6500687279996057
580 0.47652042239199044 -0.8699225580524579
278 0.025090429525519275 0.7720085968960394
14124 0.02141175792980209 0.7684202929008539
787 -0.3253167230512789 0.8848791802731377
7562 -0.3267099051163774 0.8886934520792149
13479 -0.3268753925394523 0.8885050412939515
315 -0.735312934485347 0.6720101136832715
561 -0.9333104453274282 0.1562978032284903
343 0.6263410218228297 0.41497173752410804
14953 0.6147146508858176 0.4040022411637219
13298 -0.44249046320777996 -0.8820696042004877
2020 -0.5037783860076226 -0.8537892376020428
4060 -0.5046868295154715 -0.8541167626454607
2939 0.9537628016745583 0.27962466580647294
404 -0.7799070550041309 -0.6160037320558651
3263 -0.7576820138364982 -0.5668039116379894
7986 0.9664522916656298 0.22394476482300782
474 0.4596453181516179 -0.6946959462149588
8116 0.4448837885713208 -0.6582834520220614
479 0.291376162864464 -0.8270443871392096
2697 0.2842471532991447 -0.8087845289417438
7466 -0.7420184348931497 0.20571971246934825
2967 -0.3449434425549883 -0.9243920605479155
14039 0.9570623724707354 -0.242876954357709
6878 0.29770975680849565 0.9160912601328743
865 -0.08923814660078955 -0.6674539219716041
4194 -0.07589331559617576 -0.6513539536346531
971 -0.1932770893221607 -0.9720978724285202
3189 0.34346359170872554 -0.836508916087326
8423 0.3443439802000486 -0.8381758998260016
1030 -0.7316132268491686 -0.6682620514482601
6191 -0.7314741934589241 -0.6688485805395568
12159 -0.7318023155273338 -0.668587922596736
10917 -0.9823396801797086 -0.05329947316439466
13866 -0.9824048803081655 -0.05324975737182506
7706 0.9618904090931167 0.1345836900503439
1089 0.9221754317792807 0.32187273172834935
1099 -0.9442039082374405 0.158275663319308
1112 0.7078399952905103 0.484781486291796
3213 0.7010965733578907 0.4805837676167751
3427 -0.8393790678441746 -0.09415974770693512
11475 0.7521620636025826 -0.6308377812424394
4073 0.7494625953136373 -0.6168331630768458
7897 0.7434800567140334 -0.6407543335856949
9904 -0.1924456362737458 -0.969271720854659
1239 -0.08138709037717688 -0.49955274709347763
1241 -0.07911457309561513 -0.4406843226654784
1528 0.15622151609305227 -0.9645792450992644
11432 0.15626399680509637 -0.9648026113135368
11602 0.15604787345767154 -0.9650784985178493
16443 0.15595490144091909 -0.9682292202026275
1267 0.86066900987988 0.4817845389966118
14341 0.8613118094012594 0.48223903584070904
8274 0.4900206973310804 -0.8606033489994399
10321 0.4897471756387172 -0.8604941849361328
1328 0.07085160808337287 -0.8447538890534105
6743 -0.396758849884753 0.904294719065817
15650 0.8420684545953789 0.43779938317640554
1391 0.4375931303945622 0.12077886592375439
1395 0.438674275025724 0.12441201773776062
8640 0.3294997000782802 -0.37238765156954556
1416 -0.5490786677278889 -0.1434926957081969
1418 -0.5709156201558101 -0.1351053910067736
1430 -0.4629258030073898 -0.3953397878177819
6163 -0.4472445616668844 -0.39467024346345625
2707 -0.5427121162688737 -0.8267960701827829
12726 0.3258558022828131 -0.40067176495206913
1479 0.6382309292322605 -0.3467633105962549
1584 0.23796018668650518 -0.008286189181143636
12707 -0.7247241352864972 0.607182258832098
1623 -0.3331498604583339 -0.23114844353869657
16180 -0.31074342328633353 -0.21531393844433908
1691 -0.6774269423305598 -0.051184177817957636
12195 -0.6509727260139634 -0.050108205041526625
9836 -0.38183181442848724 -0.8755325610367275
1753 0.391700618441368 -0.9093919606759489
1758 -0.3929131283275276 -0.06369906913919704
1759 -0.322481184353456 -0.027646849299890842
7258 0.86078952691165 0.48109698841189963
1779 -0.17139993691785993 -0.2507852911135688
4203 -0.16754156465267084 -0.25758428782847387
2300 0.209701287194505 0.9550325677050343
12093 0.20754567453208791 0.9566830330408885
1861 0.7915897070618366 0.5249575571254214
1865 0.10885317116854935 -0.044532854369836006
2009 0.2717280891582292 0.9523177437288909
8115 -0.9273801342857011 0.10502085116365932
13218 -0.9283766502208431 0.10467865616883328
1985 -0.41020423154720376 -0.45210292562659865
9671 -0.3999159380723878 -0.44148638923337924
3380 0.6180683168146598 0.7759481017022034
2866 -0.8630205844797855 0.4891580118641463
2093 -0.6061532524157406 -0.7861901373470823
2117 -0.033243885938681966 0.9334590221690413
9866 0.44547585410987095 0.6789142577337423
12123 0.25927090928547447 -0.17861010061754906
16430 -0.6481486974227446 0.6098834211757086
2220 -0.35203107489111357 0.19568244328299025
11489 -0.32859216316526185 0.19322333345385123
3257 0.04182987396892959 0.9887263216396469
2853 -0.03595871656966665 -0.9224809109601422
7656 -0.03946831154992832 -0.9200074532384371
7774 0.3984832244846253 -0.9051027423395616
2587 0.7713741927653084 0.5161288624759022
6378 0.7772419301345063 0.5183371474923376
9791 0.7740846263320157 0.5154249401163425
13666 0.7752991721567749 0.5173128583951053
15649 0.7736953241903972 0.516186694113899
14091 -0.41117577582619746 -0.6749257621235253
4879 -0.9518583809158743 0.25226586884915014
2449 0.09647745082679829 0.6032216052875593
2451 0.08374966569050382 0.576734374355661
2471 -0.4369772774203047 -0.29887760984901124
4087 -0.4389305706638983 -0.2805821835085288
2504 -0.8246264485847935 -0.42877858641705396
8671 -0.033208732163712354 0.9390855218960622
2633 0.5606186623252206 0.3154510838225689
2634 0.5463059100107921 0.2951369834662812
3511 -0.5602046018500156 -0.809980899901975
2723 0.09076754940493534 -0.7040881472221959
12320 0.10140136127067544 -0.692684641273389
7256 -0.15671851391144573 0.7581844835424553
15826 -0.15082914709043027 0.7713144698602951
10554 0.69688578544635 -0.7036569977803334
7820 0.3269788900700976 -0.9393243196632173
8533 0.890536456618854 -0.43140500696245554
14438 0.8908737372743726 -0.4311889636570088
8082 0.9452235520414713 0.291002971004647
2848 -0.8265606888666274 -0.5166069514739505
2858 -0.5445650349117427 0.033408137706505754
12413 -0.5278549298253882 -0.0001320468993672492
2893 -0.25411630506531857 -0.045270489684476695
13551 -0.2300521815868088 -0.040443967343762356
3914 0.6369879160516029 0.7333789506230083
9159 0.6401651169309565 0.7371608939211367
2907 0.33125200163821544 0.5409913057549546
16191 0.3284138774889371 0.5001849019812614
9771 0.13356925539709355 0.9783710718528317
9168 0.13375692456775198 0.9776400019871124
12587 0.1337010671456073 0.9774384580717057
2984 0.2803178858229573 -0.010976317346572867
10342 0.2693503675249861 -0.02878834314323185
3004 -0.8699092989066675 0.10614306280488578
6940 -0.8587058510524688 0.10374216990439875
3181 0.08951652539147606 0.8860222679861164
3191 -0.9157374101794791 -0.23067477645131923
3301 0.7294936883135377 0.31018761561118796
4053 0.7143976480344487 0.30179935809576053
3302 -0.7846804729944395 0.044997577205119314
3305 -0.7792503403519746 0.045481115306479684
6560 0.8609472569186488 0.48265665712666384
3311 -0.9604889687539988 0.09687723208619037
3366 -0.19747477047793766 -0.6335889201459116
3368 -0.20493872322797888 -0.6339686199659388
13215 0.12755796832174285 -0.19008495072238712
3409 -0.22242681723294502 0.3525571296520795
3410 -0.2031469239170417 0.3234132646261764
3430 0.9460045175547321 0.14135277671755514
3437 -0.5353699031235528 0.027365386866497737
3438 -0.5349345893260331 0.021512805026615803
3484 -0.09636678955908205 -0.056547443876099925
13782 -0.08075611006805482 -0.03294910226550242
4482 0.8620378621429734 -0.20774313912487632
3536 -0.26026430038198267 -0.4375592386206119
3537 -0.23430363859645595 -0.4183773003106866
3599 -0.10133882313863338 -0.2634986551205071
3600 -0.08967705197536913 -0.27571308155268653
13201 0.8676884346517906 -0.47506669228310816
8327 0.8682771026775018 -0.4634905781712904
3643 0.31604749688883366 0.7469863158690229
3644 0.31043612042570284 0.7411744033935058
7631 -0.7542176543303549 -0.5644464732980371
16365 -0.7527535001531083 -0.5648327050801144
14910 -0.9489270149776761 -0.06405968420120478
3687 0.10684813048922148 0.30464189960459465
15555 0.11536938142444778 0.27852817057005325
3755 0.9361518220387819 0.3328590683776403
3778 -0.8266384271497015 -0.023789681230573245
3780 -0.8171443456130203 -0.020201726175719366
3811 -0.7500705376193522 0.02085858621609596
8002 -0.751914067566739 0.0046828053898636925
4433 -0.9157772198040557 0.3781150418286552
4651 0.6801537197612356 -0.7023782445857293
6995 0.6799177709140408 -0.7019014509089032
4040 0.20410890613540408 -0.9354342729907598
4069 0.10542092404622976 -0.33905452967489974
10088 0.089862017041966 -0.3444889469358497
4182 -0.565879334746092 -0.5528828196930169
4727 -0.5756285526635704 -0.5578979506384464
4088 -0.37243979550102224 -0.5588979072646253
11504 -0.3578831953056561 -0.536291784222808
12893 0.19207983192674918 0.2873706513698976
4168 -0.14772689469544137 -0.15153452774332524
11655 -0.16874475578878256 -0.117790769894065
4916 0.2674582090866729 -0.14497215044014622
7475 0.16221199894425214 0.9379588419405976
11047 0.1630737136627021 0.9354107922078015
15666 -0.6108855706627401 -0.7834110712198081
4275 -0.17149184355402192 0.7587439988544309
14868 -0.166497291767036 0.7486643414794592
4385 -0.309256312331776 0.502887835494937
15612 -0.30294751328844904 0.511892392934586
4416 -0.21154080335515563 0.4840383312816454
4417 -0.21412445844239608 0.4788192881815054
4507 -0.5105295611735725 0.12199820476067981
12308 -0.5119968423998269 0.1360034172102933
15306 -0.5083843405176379 0.1390023429827213
4513 -0.55464639517919 -0.14587661679274508
4515 -0.5211040838283608 -0.14785294157185377
4525 -0.7465422315631167 -0.09839281127154954
4526 -0.7362369492978832 -0.10105703017371485
4548 -0.9552795264414973 0.20852155659412944
4788 0.7168039225854709 0.658424629526278
5124 -0.05813915397481092 0.9685770702957833
11850 -0.060279942779126336 0.9676502486980894
13726 -0.058506871687430594 0.9681201306480297
5142 -0.6333801164014418 0.7420031025312237
4663 0.3006034293907468 0.9234810258679842
4715 -0.2713787178581904 0.7661091764508963
10567 -0.27492364119232104 0.7625003508559343
13286 -0.4442783541341914 -0.880413082202418
4847 -0.9166684036512479 -0.0679768042691528
13731 -0.9298727577235195 -0.06641050444829873
4871 -0.520923151082076 -0.5095971672913138
4873 -0.5077290289605766 -0.5005201618042736
5801 0.3060320258586865 -0.9368723508665538
4888 0.2034790540278039 -0.9401666578263925
11006 -0.8778152095365754 -0.46413634834886586
4977 0.382947806524566 0.680522393030678
11820 0.3694169044912355 0.6649675498017498
5024 -0.9217804705979943 -0.36958291523121645
15707 0.058150052880373795 -0.6873220129469123
14954 -0.989544865244033 0.057381603405560505
5058 0.11376343008153154 0.9294972689231767
12222 -0.215685652320265 0.9643878393236902
5215 0.1880757534706186 0.17639507642926308
12442 0.14875617260287935 0.12462673200417779
10080 -0.265737881420079 -0.7325741655089887
10192 -0.27124451946881867 -0.7204984130679387
6311 -0.6004592589852772 -0.7763844682505032
5292 -0.6341258842477864 -0.5630245641337487
5319 0.20260827350048302 -0.93970196901985
16504 0.1575632684003621 -0.9590984090427204
5335 0.05901212865428072 -0.44737286886110983
13058 0.07762235965919746 -0.4467967002420026
5409 0.9492602187126552 -0.29659905356041494
5466 -0.12067600173563384 0.6328626275226262
5467 -0.1051889158150656 0.6282904746076198
5483 -0.05713161629449141 -0.3701441531614227
5485 -0.022639042912968373 -0.3586007627317163
7112 0.1875776301082158 0.32936054451652313
11420 0.1872053837053004 0.30202876699818026
15144 0.1893757819171253 0.3039213021993554
5585 -0.8497416945049987 -0.4894103873597859
9399 -0.8488159803322328 -0.48858106730799344
5571 -0.07692576606223214 0.5538820233071274
5572 -0.07079421754939177 0.5305450774517255
5624 0.44965540381636715 0.2697996575875979
5625 0.457034438469277 0.2729020790107934
5674 0.010661408807661017 -0.19859042390755052
5677 0.0316089331319511 -0.17773456218390118
5694 0.11221278188923298 0.928949095554014
7325 -0.9461682937115568 -0.1645842407471027
8969 -0.9494492734236196 -0.16477068625584132
11141 -0.9490031902738004 -0.16505012129403396
11553 0.531564398021747 -0.28078164218261165
15188 -0.6804820211939401 0.6424415545037029
5858 -0.24082039729365295 -0.4122836745733288
5859 -0.21892407754020235 -0.4081233518864991
5880 0.704052258673735 0.3606063193363383
5882 0.6938675406153361 0.37429835812984585
5899 -0.8559831463158326 -0.4577295322778076
12117 -0.5075348825723772 -0.8040974571285036
5951 -0.7307976020739594 -0.6743070602792155
12397 -0.33559666397365495 0.9265990235740201
6073 -0.3973592715404496 -0.45581731718809293
6077 -0.3971324786509497 -0.46441482929428
6142 0.22546547595775174 0.7292566843578544
15418 0.2303101595554812 0.7227445874703536
6166 0.7705207227876876 0.38531334957326796
10315 0.7634454678717816 0.3818908706183088
6204 -0.21515210364402432 -0.134679260869558
6205 -0.24689347262802416 -0.15771661393198663
6263 -0.3926382780558942 0.4999453709878368
6264 0.07375375422568974 -0.5692116524624413
6267 0.0742145101076619 -0.5533768779305986
11591 -0.40438801391765605 0.5535669742885282
6320 -0.006667539566800712 0.3476623287971601
14678 -0.0025622351024828533 0.33053193031826367
6370 0.06948657613059264 -0.9837704924229604
13802 0.26672480102904683 0.9507663916140944
7462 -0.2492572396503709 0.934719804190678
11301 -0.24671544298041803 0.9352633909120507
15846 -0.2480753356388104 0.9328217889641253
6416 0.13433793168400465 -0.8996203242925465
9189 0.21174381775441126 0.963514716590844
14452 -0.810017118372639 0.4769868844024907
11416 0.6533258256672326 -0.6444972028681026
11766 0.6517208034989839 -0.6412000623162522
13658 0.654701300510261 -0.6472782555841069
6909 0.8351848374514539 -0.31784971097679343
14467 0.8336155652807229 -0.31864930032802863
7031 0.08155178410549097 0.945318169889567
8875 0.833377732451563 0.4326142995064604
7051 -0.09371140957993943 0.6409726677367172
7052 -0.08886831268334972 0.6381148382400513
7083 -0.5756600037300417 -0.25758958391792486
11698 -0.5708477914479338 -0.2569804996978664
7211 -0.03776451141693812 0.9451802384360425
7222 -0.39097959763740286 0.28995322349480646
7223 -0.3642867201878645 0.2566782629833375
16401 -0.12339209779938298 -0.9810566075543651
7274 0.220694662250236 0.5864709133133427
9047 0.2168575442423273 0.5517971953992518
7280 -0.41812715137046685 -0.23960279691423758
7282 -0.42919893901101086 -0.20811718744350793
8539 -0.9010528895642308 -0.22643820284432703
7372 0.15303909919053588 0.7137485026604813
11231 0.14941418163465325 0.6949131028846466
7960 0.4284419968837939 0.8354944882546782
7489 0.0511092668001778 0.18084306030924036
9896 0.0458109289114928 0.161706715307093
16690 -0.06848733487640558 0.13358775541325454
7610 0.6673753598105143 0.18811024464673123
7612 0.6492032576712408 0.17745731116547633
7680 -0.16268334237258933 0.4066007480278269
7682 -0.13476499169879338 0.418730492263508
7719 0.053970240392808504 0.532968711529834
7725 0.06671164554608502 0.5241293845957565
13707 -0.8117558272627592 -0.423052227787076
11148 0.31511933508290557 -0.9430441943042498
12468 0.920572843971273 0.3204429857676673
12749 0.9200699388127322 0.3197117484568175
12799 -0.9287601676691849 0.27672974195090483
8453 0.06185699581169088 0.7373946182050103
8455 0.055954157684969856 0.7312277569729181
8475 -0.7323322327179145 -0.15675223575919928
8477 -0.7195982003834857 -0.15287876773989892
8573 -0.9463945125671976 0.04231047947380963
8886 -0.9443710210663375 0.0421183185565809
8613 0.029461404554218994 0.6382217650797132
8614 0.046018351918378005 0.6358126048414597
8616 -0.38816666675184175 0.13748536926079585
8617 -0.3462096639720816 0.11457285345788443
8721 -0.014937361226808275 -0.8041719958886068
13721 -0.022985366417282934 -0.8006104849092784
8767 0.658412074934311 0.3455697810061246
8795 0.6488574402352874 0.35657405451085955
8852 0.08380291141678915 -0.6816038324704636
8854 0.07552666469143259 -0.6637691347391784
8900 0.8061540677613854 0.564797768639431
8940 0.04951973484564459 -0.48941068189010145
14221 0.06808190121235701 -0.4685450153667967
9748 0.2563415949825901 0.1410411446253193
9076 -0.6088213143394096 0.7748229390506433
9133 -0.9585705997474135 0.09654027947094748
9287 0.45969846284645666 0.3727723370568238
9288 0.43457934673219945 0.3562282463559045
9318 -0.22598629195596623 -0.13161822168327714
13496 -0.20379145160072207 -0.12922886147280666
9324 -0.7884164263140436 0.0024809392798036357
14601 -0.7863981402357272 0.003495747686115921
9345 -0.3161070010721969 -0.05936036607105315
9346 -0.2821387270048378 -0.03963384222014421
12039 0.4691884749076701 -0.8725142945755131
11696 -0.4655662159563868 -0.8212479454405357
13587 -0.4700559867113118 -0.8221924296754259
12270 0.09172736941507209 0.8772779481054712
13978 -0.948119183316154 -0.21907827867339139
10295 -0.4485510558573749 -0.22871030922558538
9821 -0.044627659644304304 -0.15965888863347658
16427 -0.057018569095174575 -0.10523142312715927
9940 0.027336500134933696 0.6422758357648648
9942 0.018733046818997845 0.6312784249332644
9949 0.5683145577727136 0.39951258322508554
12943 0.5648264518640598 0.39888892284697763
9977 -0.2817876244002898 0.2073010310789787
9978 -0.2806720508943618 0.18183403782670887
10161 -0.12313164177086242 -0.40171254213936314
10163 -0.1165659005510642 -0.415138757466994
14897 0.15026285086019683 -0.2211253552960995
15834 -0.8538205347511673 0.3665496670531961
12180 -0.07441615102286284 -0.9768807932483637
10355 0.7285452290556673 -0.6619579506118682
10424 -0.18319042260930826 0.5474209499505491
10426 -0.17000192654521315 0.5300686187597652
12399 -0.09232823293550561 0.033258423307293984
10477 0.13148230300154046 0.34811710562999415
11295 0.14040909803449786 0.34050663702050277
10486 -0.7417876206708207 -0.6393865960006558
10718 -0.35902166031065086 0.029897507305396746
10719 -0.32613034843938843 0.03902671310265886
10898 -0.9670854949214465 0.0010907820451242706
15803 -0.9676058899057247 0.0011156025270011537
11091 0.9718208890228942 0.1414079772329073
11341 -0.6554979957624725 -0.3568935065631114
11342 -0.6269225736776035 -0.3464454504913621
11381 0.07083532007398267 0.6483448490225779
11382 0.07939725401566028 0.6136458857814311
11430 0.292986446639529 0.4619460230864481
12056 0.266860448159608 0.42412837045691476
11593 -0.4675692256881728 0.1403353218397605
11595 -0.429551723085274 0.10836948705379439
11793 0.611380461127246 0.7810671148620357
11890 0.1777842915778303 -0.7029881372614832
12433 0.19492645394743083 -0.697074609374154
12816 -0.515568323577912 0.8382876702399521
12000 -0.29909325068306697 0.2573542225482669
12001 -0.29287578953952237 0.2270175313520427
12418 0.1672503389673263 0.8211385695103994
13854 0.1718291387596118 0.8024694029833386
12494 0.394060338915863 0.23961907600376456
12496 0.3704760533958619 0.20755910868211364
12541 0.4991239063237764 0.445257249131822
12543 0.48604662016866385 0.445570932760257
16049 -0.0612835766786764 0.11018386888888507
12621 -0.14986590084241266 -0.7004458237235959
12623 -0.12699682467174045 -0.6798619877332918
15019 0.13301049418785912 -0.887790458227339
13152 0.14942399299261155 -0.7791010683884265
16161 0.1551467771692682 -0.7940634293835438
16389 -0.949945563556267 -0.06437120939767565
13614 0.34150359764967025 -0.5494870327113475
13615 0.34140304148480344 -0.5514930496613686
13786 -0.6312463279279903 0.04788895833423877
16023 -0.6372814857712291 0.043863842067820825
16702 -0.9506321495367853 -0.22005226386473606
13877 -0.0215672289065938 0.03519483648504888
13880 -0.02839821444823234 0.04664635493114149
14028 0.42136104021025306 -0.787674054054271
14112 0.5683767438627233 0.052500980698718294
14113 0.5242710401859151 0.0369634519607574
14180 0.24705032684743058 0.2829026262262927
14181 0.2802323293829068 0.25943539995247034
14542 0.11456755698247968 -0.20069313283810677
15400 0.10570848205675383 -0.17061909407071318
14720 0.07868291143659575 0.347484344533802
14721 0.07584986839381236 0.32758573918816014
15174 -0.6307551304521279 -0.40551230320968373
15175 -0.613281900148322 -0.39493257643884766
15269 -0.6688717381450611 -0.26270119387269275
15270 -0.6648680300745083 -0.2335839724826934
15496 -0.17897911416636547 0.693025478624317
15497 -0.14771807213133972 0.662491292482788
15532 -0.49894444557761064 0.1937711079862874
15564 -0.4908935487388079 0.17417729749377625
15807 -0.016017682335325266 -0.682932694316554
15808 -0.02529148366760531 -0.6694593649559332
15848 -0.034189258688520095 -0.7735855702186288
15856 -0.030000539025359988 -0.753548606218245
15860 -0.23590877582141281 0.017211809978341968
16057 -0.24014540438742446 0.05820067935140251
15876 -0.039852363547219063 0.5188835236334451
15877 -0.05472349845798336 0.4954989658912422
15885 -0.05606952330031334 -0.5201844512306604
15886 -0.068196647727141 -0.508921653465802
15924 -0.6283223247998225 -0.1873123430394125
16055 -0.6077491563935566 -0.2043253682988089
16207 0.5838783254157817 0.4900715547121597
16214 0.5650134105172331 0.4722567321556809
16520 0.4245323428152268 -0.7822494037105703
