plate_plate 1.000000 0.000000 0.000000
rug_rug 1.000000 0.301961 0.000000
cushion3_cushion3 0.549020 0.329412 0.000000
cushion2_cushion2 0.800000 1.000000 0.000000
cushion1_cushion 0.274510 0.549020 0.000000
vase1_vase1 0.000000 0.549020 0.219608
foot_lamp_shade2_foot_lamp_shade2 0.000000 1.000000 1.000000
foot_lamp2_foot_lamp2 0.000000 0.596078 0.850980
palm1_palm1 0.000000 0.219608 0.549020
palm_pot_palm_pot 0.349020 0.000000 0.701961
foot_lamp_shade1_foot_lamp_shade1 0.560784 0.000000 0.701961
table_board_table_board 0.549020 0.000000 0.494118
sofa2_sofa2 1.000000 0.000000 0.301961
sofa2_legs_sofa2_legs 0.850980 0.000000 0.000000
sofa1_sofa1 0.698039 0.211765 0.000000
sofa1_legs_sofa1_legs 0.850980 0.764706 0.000000
chair1_seat_chair1_seat 0.560784 0.701961 0.000000
chair1_legs_chair1_legs 0.000000 0.701961 0.070588
stand_stand 0.000000 0.850980 0.596078
windows_frames_windows_frames 0.000000 0.701961 0.701961
foot_lamp1_foot_lamp1 0.000000 0.384314 0.549020
curtain_rail_curtain_rail 0.168627 0.000000 0.850980
wall_pic1_frame_wall_pic1_frame 0.274510 0.000000 0.549020
wall_pic1_wall_pic1 0.439216 0.000000 0.549020
curtains_curtains 0.850980 0.000000 0.509804
spots_spots_light 0.549020 0.000000 0.164706
spots_spots_metal 0.549020 0.000000 0.000000
cube34_balcony_wall 1.000000 0.600000 0.000000
cube34_enclosure 1.000000 0.600000 0.000000
cube34_room_wall1 1.000000 0.600000 0.000000
cube34_room_walls 1.000000 0.600000 0.000000
cube34_balcony_floor 0.850980 0.000000 0.764706
cube34_room_floor 0.850980 0.000000 0.764706
cube34_balcony_ceiling 0.549020 0.000000 0.329412
cube34_room_ceiling 0.549020 0.000000 0.329412
wall_pic2_wall_pic2 0.549020 0.494118 0.000000
wall_pic3_wall_pic3 0.498039 1.000000 0.000000
chair2_legs_chair2_legs 0.000000 1.000000 0.400000
chair2_seat_chair2_seat 0.000000 0.549020 0.384314
door_door 0.000000 0.549020 0.549020
wall_pic2_frame_wall_pic2_frame 0.000000 0.341176 0.850980
wall_pic3_frame_wall_pic3_frame 0.501961 0.000000 1.000000
room_molding_room_molding 0.800000 0.000000 1.000000