139.456158614 28.8535442766 0 0.829629816232 25
315.481988835 25.8791154909 0 0.671382001371 25
343.953212949 27.7205046609 0 0.815923458922 25
41.9975816173 29.1766561919 0 0.895093500975 25
288.279028787 26.1881178582 0 0.89326370002 25
288.745314152 29.6048547088 0 0.787970169007 25
193.816523968 28.2367196802 0 0.755703255704 25
13.2271233594 27.9641680034 0 0.792894359373 25
195.560650802 29.9302108337 0 0.898103950127 25
179.641953244 28.1532670266 0 0.72236575918 25
45.3006737444 29.8273255414 0 0.840789038953 25
323.769919737 28.8601176159 0 0.84126381524 25
189.021617623 25.6607200136 0 0.66995618031 25
66.0140085957 27.1971005166 0 0.878282909702 25
80.1316013789 27.019504523 0 0.704044604547 25
95.2177674257 25.7764301039 0 0.89108528119 25
119.68318901 27.6802480444 0 0.715719084961 25
225.792173889 26.2528660818 0 0.844339822514 25
80.586766001 27.0002265274 0 0.750452914335 25
224.907924811 25.1790138219 0 0.774022374332 25
129.039361525 26.1778113319 0 0.667636270536 25
116.096496286 25.0131410653 0 0.690473743929 25
302.932376552 26.4154787674 0 0.882661927596 25
107.303654562 25.3941093553 0 0.840771508863 25
