166.339523062 29.7485770177 0 0.889372423348 25
128.406454083 29.8069554536 0 0.822430881159 25
351.732586538 29.0269856096 0 0.803277947903 25
113.506102609 25.1028561729 0 0.780648854871 25
339.812013476 25.777846761 0 0.798827013252 25
51.3427231816 26.2882868838 0 0.861972694907 25
60.1986833607 28.1724731584 0 0.934769566418 25
165.349516325 27.7540608766 0 0.850892837392 25
344.50196363 26.3986102946 0 0.726776439374 25
1.04729407035 28.8907619152 0 0.891255976862 25
198.111662552 29.7355401828 0 0.807455727726 25
203.001393306 25.378480511 0 0.651712120211 25
338.848272924 26.948210669 0 0.725717462393 25
265.255592827 26.6202380096 0 0.865827654661 25
239.607143048 26.3401224216 0 0.749371137387 25
118.303447499 26.6668486133 0 0.797655017666 25
83.1358820891 25.8193265727 0 0.925538432057 25
27.3975508443 28.2515466706 0 0.689864827171 25
327.431986544 25.8371694834 0 0.721117924665 25
259.983904398 29.5214162938 0 0.674474049288 25
200.392956814 26.992242554 0 0.802265081943 25
316.420346724 26.6941903018 0 0.687567359764 25
142.947659402 27.0882034916 0 0.877585801902 25
73.8157467382 26.6896738464 0 0.697486485929 25
