209.190372118 25.4208381993 0 0.848215613661 25
41.1981989757 25.6097372437 0 0.884414530263 25
182.249120473 26.3639872344 0 0.81803445236 25
34.3618595558 28.9387116094 0 0.815996637781 25
258.002044158 26.9000686982 0 0.69881230488 25
306.501122938 26.6698319988 0 0.689741404068 25
39.8262941295 29.6551104648 0 0.79654141983 25
125.818434549 28.5826046245 0 0.665227212437 25
210.103698878 29.8740850862 0 0.730546998407 25
342.408956077 28.2201421094 0 0.771555584046 25
339.089371264 28.7514243296 0 0.897081932781 25
6.7731584875 25.5413724434 0 0.937406514995 25
170.466808644 28.4471718168 0 0.804508400902 25
114.388280605 27.3339153174 0 0.851871265543 25
41.7548471997 29.6723375902 0 0.87417611185 25
248.422510662 29.2544936756 0 0.744396436769 25
72.3962352284 29.4378088793 0 0.801374862548 25
304.606513913 28.0055126684 0 0.805255128828 25
32.3290645955 29.9542261753 0 0.881715885277 25
226.666904373 27.5167729399 0 0.804584679063 25
38.0002987538 28.3367154414 0 0.695646164439 25
300.148343442 25.4276017722 0 0.878234669461 25
166.689628015 28.3743074234 0 0.682978980939 25
354.102534299 26.7525730849 0 0.851802644532 25
