154.670784937 25.0775437883 0 0.794767752675 25
154.087877631 25.995258946 0 0.92910008811 25
278.23279157 29.3989446983 0 0.91126446957 25
130.468738928 26.3757310902 0 0.770977812107 25
264.744429973 27.1773193755 0 0.832428005053 25
334.657429187 28.5840841148 0 0.730652812927 25
205.763532371 26.5677411309 0 0.734393080366 25
108.932998312 28.0256338703 0 0.681862473865 25
122.791953814 27.9165227602 0 0.790329304913 25
105.939432833 28.9457446355 0 0.791201925571 25
179.000763514 27.8040180804 0 0.896500324088 25
268.600242379 28.1726004775 0 0.766400373547 25
35.296213454 25.1242243454 0 0.844559063855 25
179.705232321 27.167970933 0 0.669798726794 25
176.0183366 29.5264325777 0 0.788117279087 25
40.6045812447 29.0194403048 0 0.842790385168 25
199.625998011 25.9617415468 0 0.711527060361 25
84.3005811787 26.7592318674 0 0.710380598701 25
2.92929326296 25.5480627584 0 0.948405993734 25
29.2673348414 25.0293043427 0 0.667859260526 25
52.7554659258 27.4500055654 0 0.653672486814 25
259.347950042 26.2387465188 0 0.843477048311 25
91.4226784583 25.1924537603 0 0.782329197138 25
45.441932842 26.1330113238 0 0.800098859434 25
