104.762753267 26.3311953982 0 0.714869786707 25
195.997065353 27.349978484 0 0.915067284218 25
133.108518521 27.5467381867 0 0.847625895541 25
346.212506641 26.8811690417 0 0.729954558632 25
36.6844960762 29.8542405871 0 0.83416017484 25
190.210217708 29.2975046857 0 0.859729812369 25
243.247106253 25.1234209575 0 0.723404058279 25
260.542163785 26.0269445668 0 0.916593051018 25
54.2349005311 27.2966090702 0 0.842266263714 25
47.4480684505 28.8887210421 0 0.704267045301 25
255.684406496 28.649329497 0 0.925746909655 25
354.06649927 25.006919463 0 0.73538114863 25
4.68249182496 26.8066916129 0 0.844759115772 25
173.865295638 28.4472052989 0 0.935510875998 25
323.894129291 25.3590846284 0 0.823376594773 25
315.622167245 27.5163571662 0 0.714375614046 25
92.4202647699 29.7078922594 0 0.695783276472 25
265.727222013 27.6146164575 0 0.68237710951 25
331.327509153 26.2978149281 0 0.715987701919 25
112.220627097 29.8354210254 0 0.820733373289 25
258.10885081 25.1148190463 0 0.793181844085 25
353.271501797 26.3066402118 0 0.90392493264 25
80.3656789092 28.1982364869 0 0.695611817225 25
51.6408572692 28.8223231031 0 0.797116419713 25
